Date,Open,High,Low,Close,Volume,Dividends,Stock Splits
2015-04-06 00:00:00+05:30,1096.801350343481,1099.7122750552774,1086.4653119640957,1088.9122314453125,8751,0.0,0.0
2015-04-07 00:00:00+05:30,1101.0621804498667,1118.8233310905157,1080.8542135195707,1110.427978515625,15434,0.0,0.0
2015-04-08 00:00:00+05:30,1110.4281031895111,1118.8234567069944,1096.8435127573198,1108.99365234375,9934,0.0,0.0
2015-04-09 00:00:00+05:30,1105.9984961892787,1113.761031878994,1093.4264760631966,1097.223388671875,8992,0.0,0.0
2015-04-10 00:00:00+05:30,1100.8089957236098,1109.5418712207277,1095.0292734959007,1096.674560546875,9240,0.0,0.0
2015-04-13 00:00:00+05:30,1117.8533328621968,1137.3863610721687,1084.2295801021787,1087.26708984375,8867,0.0,0.0
2015-04-15 00:00:00+05:30,1088.4904247037744,1101.1045699574079,1073.2605463492896,1092.413818359375,13236,0.0,0.0
2015-04-16 00:00:00+05:30,1090.1778322812984,1096.041910619353,1088.448086758249,1091.485595703125,3400,0.0,0.0
2015-04-17 00:00:00+05:30,1091.1057618670152,1095.5776178108317,1080.0103227176583,1086.3807373046875,9479,0.0,0.0
2015-04-20 00:00:00+05:30,1085.9592975965495,1091.823377318866,1080.8967471607587,1090.895263671875,35437,0.0,0.0
2015-04-21 00:00:00+05:30,1085.9166411632627,1095.197979976624,1069.083708787246,1071.57275390625,12521,0.0,0.0
2015-04-22 00:00:00+05:30,1072.5432337663976,1074.7792135485076,1065.7088130910138,1069.2103271484375,21414,0.0,0.0
2015-04-23 00:00:00+05:30,1067.480788997228,1075.7495581911344,1067.480788997228,1071.783935546875,9079,0.0,0.0
2015-04-24 00:00:00+05:30,1067.7759886924546,1075.6651071638291,1055.7524344934284,1069.0416259765625,16555,0.0,0.0
2015-04-27 00:00:00+05:30,1064.021260443324,1068.2821773188973,1049.8038531616248,1060.350830078125,10924,0.0,0.0
2015-04-28 00:00:00+05:30,1057.5667262298266,1105.3234277769566,1057.229202293532,1099.6702880859375,14070,0.0,0.0
2015-04-29 00:00:00+05:30,1094.3544891116767,1095.7044817600497,1066.2995263029154,1083.0059814453125,22320,0.0,0.0
2015-04-30 00:00:00+05:30,1077.4792341222922,1095.1981565315077,1072.4589139721459,1091.063720703125,3581,0.0,0.0
2015-05-04 00:00:00+05:30,1088.448033284425,1102.0747482541783,1088.448033284425,1096.6324462890625,11319,0.0,0.0
2015-05-05 00:00:00+05:30,1093.5107993970528,1101.906153609953,1078.576318104425,1088.490478515625,23719,0.0,0.0
2015-05-06 00:00:00+05:30,1093.5106412058228,1093.5106412058228,1062.333816515637,1078.4073486328125,6258,0.0,0.0
2015-05-07 00:00:00+05:30,1073.8931084462906,1088.3635802812523,1073.260289879145,1081.4447021484375,15845,0.0,0.0
2015-05-08 00:00:00+05:30,1086.676313478656,1096.9279972185923,1078.2387306470769,1093.468505859375,39487,0.0,0.0
2015-05-11 00:00:00+05:30,1093.595103139863,1099.712350765132,1078.702748666365,1092.5404052734375,58450,0.0,0.0
2015-05-12 00:00:00+05:30,1073.2604305336547,1109.7952017973353,1073.2604305336547,1093.5528564453125,21418,0.0,0.0
2015-05-13 00:00:00+05:30,1099.5434891963603,1101.104421224585,1088.4480485668312,1095.8309326171875,134719,0.0,0.0
2015-05-14 00:00:00+05:30,1096.084343375129,1101.1046644391417,1093.1733152221564,1096.0421142578125,50945,0.0,0.0
2015-05-15 00:00:00+05:30,1097.4338220645536,1101.9479065953808,1094.3540848807113,1097.8978271484375,72933,0.0,0.0
2015-05-18 00:00:00+05:30,1101.442008859787,1106.3357447720657,1094.3966482719984,1101.062255859375,41722,0.0,0.0
2015-05-19 00:00:00+05:30,1104.6060182454687,1106.1669502454115,1092.6668196550784,1098.27783203125,37807,0.0,0.0
2015-05-20 00:00:00+05:30,1096.0417152294292,1103.6355377367925,1093.510441060308,1099.0792236328125,47121,0.0,0.0
2015-05-21 00:00:00+05:30,1085.072980095231,1113.5498176366107,1085.072980095231,1099.96533203125,21935,0.0,0.0
2015-05-22 00:00:00+05:30,1085.1572772803643,1128.948343490664,1085.1572772803643,1118.4013671875,14696,0.0,0.0
2015-05-25 00:00:00+05:30,1097.8139741315172,1121.3548528150134,1097.8139741315172,1109.2047119140625,3496,0.0,0.0
2015-05-26 00:00:00+05:30,1096.9281498884536,1119.1189340253059,1096.9281498884536,1103.0875244140625,3571,0.0,0.0
2015-05-27 00:00:00+05:30,1088.4481329230687,1134.011078022174,1088.4481329230687,1123.84375,6637,0.0,0.0
2015-05-28 00:00:00+05:30,1128.610715908353,1130.4248162653096,1107.8542890512047,1117.1778564453125,2540,0.0,0.0
2015-05-29 00:00:00+05:30,1118.612387030762,1135.6984898686824,1114.0139462315374,1123.5062255859375,4717,0.0,0.0
2015-06-01 00:00:00+05:30,1101.1047068138882,1122.1986667145372,1093.7640499676027,1115.954833984375,4642,0.0,0.0
2015-06-02 00:00:00+05:30,1115.8704436433857,1126.4174232619432,1112.875060232576,1119.8782958984375,5407,0.0,0.0
2015-06-03 00:00:00+05:30,1106.3778616106977,1122.1983267433577,1100.302844198884,1114.224853515625,9297,0.0,0.0
2015-06-04 00:00:00+05:30,1113.8872129413312,1147.5109507137872,1107.0105642180065,1126.459228515625,16377,0.0,0.0
2015-06-05 00:00:00+05:30,1111.314031212665,1139.031470640454,1101.104576429249,1104.56396484375,32066,0.0,0.0
2015-06-08 00:00:00+05:30,1113.8874004958332,1129.4546979772208,1113.8874004958332,1119.4984130859375,5309,0.0,0.0
2015-06-09 00:00:00+05:30,1119.4562146023484,1138.2298349339121,1105.3232644651039,1128.104736328125,5421,0.0,0.0
2015-06-10 00:00:00+05:30,1115.1528730065663,1157.509486890733,1114.6044096619016,1136.7952880859375,4350,0.0,0.0
2015-06-11 00:00:00+05:30,1138.3142747179083,1142.4909400017646,1101.9483134568402,1120.34228515625,3721,0.0,0.0
2015-06-12 00:00:00+05:30,1113.8030701875805,1134.8547964012453,1110.3435791162726,1129.0750732421875,3103,0.0,0.0
2015-06-15 00:00:00+05:30,1139.03130779025,1139.03130779025,1116.2920661601906,1120.4686279296875,2306,0.0,0.0
2015-06-16 00:00:00+05:30,1126.0374669169191,1128.8218069801799,1106.6731558055576,1113.8873291015625,2188,0.0,0.0
2015-06-17 00:00:00+05:30,1107.8545801240327,1131.311100628153,1107.8545801240327,1124.2235107421875,3405,0.0,0.0
2015-06-18 00:00:00+05:30,1128.1047502028105,1134.0110577954952,1123.0844299481605,1126.2906494140625,2447,0.0,0.0
2015-06-19 00:00:00+05:30,1123.1263969309864,1130.5936355870356,1110.51225441583,1117.093505859375,39982,0.0,0.0
2015-06-22 00:00:00+05:30,1122.3248713652004,1151.7298209187645,1117.9794964962366,1142.5328369140625,8438,0.0,0.0
2015-06-23 00:00:00+05:30,1140.3390700181944,1187.3363549012095,1139.95942007303,1182.400390625,118942,0.0,0.0
2015-06-24 00:00:00+05:30,1189.6991499397147,1260.6591992053463,1184.805310818843,1222.43701171875,49240,0.0,0.0
2015-06-25 00:00:00+05:30,1218.0916546823657,1240.0714959542538,1202.3555422491518,1231.4229736328125,20779,0.0,0.0
2015-06-26 00:00:00+05:30,1204.8867820368193,1223.4072344411231,1192.2304082759283,1210.1180419921875,8368,0.0,0.0
2015-06-29 00:00:00+05:30,1206.5741609826907,1223.4493240733577,1170.2925603377566,1200.7100830078125,211165,0.0,0.0
2015-06-30 00:00:00+05:30,1213.324414044956,1243.6997123103374,1195.9430139704443,1231.5074462890625,15348,0.0,0.0
2015-07-01 00:00:00+05:30,1223.4495413628995,1236.9496742331107,1214.8853739737913,1227.8792724609375,20881,0.0,0.0
2015-07-02 00:00:00+05:30,1223.4494691982911,1252.981008109974,1223.4494691982911,1247.3699951171875,9193,0.0,0.0
2015-07-03 00:00:00+05:30,1244.543471531372,1274.0750115338114,1228.2167693010194,1243.06689453125,13611,0.0,0.0
2015-07-06 00:00:00+05:30,1244.5434337375043,1285.1281854516824,1244.5434337375043,1272.640625,10730,0.0,0.0
2015-07-07 00:00:00+05:30,1265.6372927597113,1297.6157489563386,1263.949776369365,1269.771728515625,10874,0.0,0.0
2015-07-08 00:00:00+05:30,1270.6995964075081,1286.730999018227,1246.1040291709755,1269.096435546875,28302,0.0,0.0
2015-07-09 00:00:00+05:30,1281.5149958332447,1284.9645651356223,1261.1625580037175,1267.2855224609375,5260,32.5,0.0
2015-07-10 00:00:00+05:30,1267.285643905136,1289.5354101466703,1245.337799224494,1251.4176025390625,11641,0.0,0.0
2015-07-13 00:00:00+05:30,1255.7727696590505,1255.8158261174422,1228.1330499119058,1231.7982177734375,15578,0.0,0.0
2015-07-14 00:00:00+05:30,1239.257771774096,1241.8017870253834,1221.6218908261858,1225.243896484375,15102,0.0,0.0
2015-07-15 00:00:00+05:30,1217.6981478067546,1219.4229327186622,1198.725513775771,1207.177001953125,44219,0.0,0.0
2015-07-16 00:00:00+05:30,1207.3061365674284,1231.496284260111,1206.271307849321,1213.084228515625,12594,0.0,0.0
2015-07-17 00:00:00+05:30,1220.5008757952273,1224.29542350827,1207.435609541433,1216.145751953125,3685,0.0,0.0
2015-07-20 00:00:00+05:30,1215.9733180801572,1218.8192551889244,1198.7254695967506,1203.4686279296875,7540,0.0,0.0
2015-07-21 00:00:00+05:30,1205.6245349399965,1226.3219518488377,1195.4914245783764,1201.14013671875,12950,0.0,0.0
2015-07-22 00:00:00+05:30,1206.2715370771828,1216.447810919891,1183.4181353023514,1189.6273193359375,14287,0.0,0.0
2015-07-23 00:00:00+05:30,1202.8219360552403,1234.9460565915786,1202.8219360552403,1228.5643310546875,25405,0.0,0.0
2015-07-24 00:00:00+05:30,1234.902840918278,1234.902840918278,1207.3062821998358,1211.100830078125,35938,0.0,0.0
2015-07-27 00:00:00+05:30,1211.661148827769,1240.9824862371242,1209.3757882398938,1236.1961669921875,15424,0.0,0.0
2015-07-28 00:00:00+05:30,1240.1202358680002,1247.4937327869272,1221.0613854255037,1225.2008056640625,26788,0.0,0.0
2015-07-29 00:00:00+05:30,1241.845042394878,1254.780928253158,1231.8843681749988,1245.94140625,11811,0.0,0.0
2015-07-30 00:00:00+05:30,1249.6065165133227,1292.8555139675084,1249.6065165133227,1278.9278564453125,30456,0.0,0.0
2015-07-31 00:00:00+05:30,1278.9279750797682,1293.5886464056996,1259.9553415991513,1272.4168701171875,11820,0.0,0.0
2015-08-03 00:00:00+05:30,1260.8176616333817,1292.984939569283,1260.8176616333817,1274.2279052734375,7250,0.0,0.0
2015-08-04 00:00:00+05:30,1276.3405299986478,1311.6986122486103,1275.5643559191503,1296.304931640625,63611,0.0,0.0
2015-08-05 00:00:00+05:30,1303.9804564718029,1318.8567252114333,1299.8840926159626,1313.8116455078125,33178,0.0,0.0
2015-08-06 00:00:00+05:30,1319.417319902259,1349.6442181428358,1316.3558897913886,1343.7799072265625,45274,0.0,0.0
2015-08-07 00:00:00+05:30,1343.779743606248,1405.6995576407764,1343.6073072419201,1364.218505859375,34924,0.0,0.0
2015-08-10 00:00:00+05:30,1373.7910196053501,1387.848057081312,1350.9376222296178,1379.4827880859375,35416,0.0,0.0
2015-08-11 00:00:00+05:30,1385.8215526832967,1385.8215526832967,1337.656953762599,1364.046142578125,17147,0.0,0.0
2015-08-12 00:00:00+05:30,1366.0727158385737,1366.0727158385737,1349.6872603284182,1358.69921875,4442,0.0,0.0
2015-08-13 00:00:00+05:30,1362.5802517428917,1391.0392063679014,1362.5802517428917,1380.043701171875,41043,0.0,0.0
2015-08-14 00:00:00+05:30,1388.4951074591206,1435.8835339324462,1388.4519457244676,1418.9375,149984,0.0,0.0
2015-08-17 00:00:00+05:30,1418.6354812527375,1437.608113828762,1412.5987345240026,1419.4547119140625,49609,0.0,0.0
2015-08-18 00:00:00+05:30,1418.6789116094292,1435.883600935045,1418.6789116094292,1429.0706787109375,3234,0.0,0.0
2015-08-19 00:00:00+05:30,1432.433789625186,1441.9201061127699,1426.4832609557448,1435.58154296875,6277,0.0,0.0
2015-08-20 00:00:00+05:30,1438.4704057888496,1460.9357680841808,1424.0684959933694,1431.786865234375,18736,0.0,0.0
2015-08-21 00:00:00+05:30,1414.323753235018,1444.4212736723905,1414.323753235018,1428.208251953125,26556,0.0,0.0
2015-08-24 00:00:00+05:30,1439.332870336636,1439.332870336636,1392.7636822011186,1395.609619140625,70387,0.0,0.0
2015-08-25 00:00:00+05:30,1362.5798235798634,1405.6994382501123,1362.5798235798634,1390.0469970703125,61012,0.0,0.0
2015-08-26 00:00:00+05:30,1384.1830879791894,1398.1538040042567,1320.366044650699,1358.3543701171875,98682,0.0,0.0
2015-08-27 00:00:00+05:30,1332.396285671095,1383.2774383277904,1332.396285671095,1367.0213623046875,25066,0.0,0.0
2015-08-28 00:00:00+05:30,1364.7360434058128,1414.2373907740557,1364.7360434058128,1402.5950927734375,107108,0.0,0.0
2015-08-31 00:00:00+05:30,1402.5951523560773,1402.5951523560773,1337.7863363450356,1366.417724609375,22609,0.0,0.0
2015-09-01 00:00:00+05:30,1393.669372326426,1395.5665936229316,1346.4102235710193,1391.599609375,149195,0.0,0.0
2015-09-02 00:00:00+05:30,1410.0118985034253,1410.0118985034253,1330.0249849950505,1342.6590576171875,17657,0.0,0.0
2015-09-03 00:00:00+05:30,1366.0294983445488,1393.6260538666609,1353.0936129435586,1389.917724609375,65942,0.0,0.0
2015-09-04 00:00:00+05:30,1388.4516920424371,1388.4516920424371,1359.7339845017502,1370.1258544921875,11233,0.0,0.0
2015-09-07 00:00:00+05:30,1369.4789748325354,1371.5055756866357,1332.396105866667,1339.7264404296875,2860,0.0,0.0
2015-09-08 00:00:00+05:30,1370.2553577739004,1370.2553577739004,1284.1023326673694,1291.475830078125,6800,0.0,0.0
2015-09-09 00:00:00+05:30,1285.0510433657928,1306.4814759391286,1285.0510433657928,1294.1923828125,11851,0.0,0.0
2015-09-10 00:00:00+05:30,1276.3841367248297,1385.0024363724228,1276.3841367248297,1380.25927734375,40594,0.0,0.0
2015-09-11 00:00:00+05:30,1358.2679893084987,1431.8731573889056,1351.7138283193526,1413.978515625,21785,0.0,0.0
2015-09-14 00:00:00+05:30,1422.085214457819,1422.085214457819,1387.5895148954703,1394.1436767578125,12425,0.0,0.0
2015-09-15 00:00:00+05:30,1376.37818939209,1393.841634464264,1362.5799118041994,1379.8277587890625,10031,0.0,0.0
2015-09-16 00:00:00+05:30,1373.7479699464582,1392.7637650080499,1362.5800301626743,1380.7764892578125,180500,0.0,0.0
2015-09-18 00:00:00+05:30,1364.3047960798656,1418.6355180476478,1358.3542673812728,1395.0921630859375,150725,0.0,0.0
2015-09-21 00:00:00+05:30,1398.8004122746743,1398.8004122746743,1324.6346690837854,1339.3385009765625,29872,0.0,0.0
2015-09-22 00:00:00+05:30,1345.3322960569974,1366.0297159963357,1345.3322960569974,1356.84521484375,6887,0.0,0.0
2015-09-23 00:00:00+05:30,1337.5706672276165,1378.9655041244093,1337.5706672276165,1370.7296142578125,4847,0.0,0.0
2015-09-24 00:00:00+05:30,1369.3065674739464,1375.5157500674452,1349.7301986511793,1361.0706787109375,7564,0.0,0.0
2015-09-28 00:00:00+05:30,1371.204097652822,1372.928882681316,1346.237876474379,1350.5928955078125,8896,0.0,0.0
2015-09-29 00:00:00+05:30,1345.3320134593282,1352.2311519898888,1332.3961287145269,1342.8310546875,7922,0.0,0.0
2015-09-30 00:00:00+05:30,1350.7221029097395,1362.57999846601,1343.6935837618842,1354.6890869140625,4155,0.0,0.0
2015-10-01 00:00:00+05:30,1356.3710189530073,1379.8280537578808,1353.6112996819759,1372.4114990234375,9916,0.0,0.0
2015-10-05 00:00:00+05:30,1396.2134054327207,1404.06115583556,1362.5800991869664,1374.093017578125,63929,0.0,0.0
2015-10-06 00:00:00+05:30,1355.6806368203308,1386.7267582742315,1355.6806368203308,1367.9697265625,2061,0.0,0.0
2015-10-07 00:00:00+05:30,1373.7480556019668,1396.2134217609264,1362.580115121843,1365.8140869140625,39542,0.0,0.0
2015-10-08 00:00:00+05:30,1365.16713403286,1384.139766344119,1355.6808178772305,1366.719482421875,26204,0.0,0.0
2015-10-09 00:00:00+05:30,1366.8919808388628,1378.9654746759254,1361.8900627116466,1372.1094970703125,35257,0.0,0.0
2015-10-12 00:00:00+05:30,1366.0296468664274,1386.7270657583429,1354.8185449666398,1355.939697265625,2722,0.0,0.0
2015-10-13 00:00:00+05:30,1358.3540813493325,1377.585471616293,1354.3870978510686,1363.8734130859375,45430,0.0,0.0
2015-10-14 00:00:00+05:30,1368.7890993182257,1368.7890993182257,1354.0422111499406,1361.1138916015625,184377,0.0,0.0
2015-10-15 00:00:00+05:30,1361.803753873501,1363.0111242313387,1345.5045172239527,1358.0523681640625,29439,0.0,0.0
2015-10-16 00:00:00+05:30,1362.1920811967577,1362.5801157029819,1347.7470071853495,1350.765380859375,5040,0.0,0.0
2015-10-19 00:00:00+05:30,1344.5558406926914,1375.515745934687,1344.5558406926914,1371.376220703125,34320,0.0,0.0
2015-10-20 00:00:00+05:30,1379.4398581445998,1394.4885639895947,1362.6232057031668,1377.585693359375,37302,0.0,0.0
2015-10-21 00:00:00+05:30,1379.827949840759,1413.4612561181275,1378.103164903458,1404.8804931640625,55170,0.0,0.0
2015-10-23 00:00:00+05:30,1406.5187206167723,1406.5187206167723,1371.2900151883343,1398.49853515625,31263,0.0,0.0
2015-10-26 00:00:00+05:30,1401.2584864022845,1413.4613618005837,1388.4951400754715,1401.560302734375,120000,0.0,0.0
2015-10-27 00:00:00+05:30,1405.6996206729925,1448.8192409390354,1405.6996206729925,1438.298095703125,17084,0.0,0.0
2015-10-28 00:00:00+05:30,1447.9568307404575,1482.4093648006506,1422.947451293481,1424.068603515625,14207,0.0,0.0
2015-10-29 00:00:00+05:30,1429.458592689646,1435.8833740863126,1422.0850954164143,1423.1630859375,3614,0.0,0.0
2015-10-30 00:00:00+05:30,1423.163036371486,1435.8833240772758,1422.9474382747778,1430.57958984375,15131,0.0,0.0
2015-11-02 00:00:00+05:30,1433.8137245641587,1487.6270366848269,1422.9476003072257,1446.9652099609375,11437,0.0,0.0
2015-11-03 00:00:00+05:30,1446.2322230672241,1473.8287830780478,1425.5348030591065,1433.253173828125,10955,0.0,0.0
2015-11-04 00:00:00+05:30,1432.433744529732,1450.5439845267965,1425.7502035784341,1440.281494140625,9079,0.0,0.0
2015-11-05 00:00:00+05:30,1449.509196950491,1461.7551269968587,1425.5346459739278,1449.207275390625,55747,0.0,0.0
2015-11-06 00:00:00+05:30,1448.819462169346,1455.6323842661955,1422.99084779504,1436.142333984375,19519,0.0,0.0
2015-11-09 00:00:00+05:30,1435.8401637358315,1440.4108854994656,1422.9042779208385,1426.310791015625,3994,0.0,0.0
2015-11-10 00:00:00+05:30,1432.4336794166763,1433.3822899379484,1423.1629617443527,1424.111572265625,4158,0.0,0.0
2015-11-13 00:00:00+05:30,1427.388815889576,1431.5282362865978,1423.0768538473592,1426.3538818359375,5042,0.0,0.0
2015-11-16 00:00:00+05:30,1438.0392652931157,1438.0392652931157,1423.6804113947585,1429.113525390625,2377,0.0,0.0
2015-11-17 00:00:00+05:30,1440.1954273042368,1452.2257601718127,1425.1897772466828,1439.7210693359375,2423,0.0,0.0
2015-11-18 00:00:00+05:30,1431.6577034450631,1453.1312967783686,1426.8714884500453,1438.0394287109375,10611,0.0,0.0
2015-11-19 00:00:00+05:30,1424.7156958301148,1445.369955895141,1424.7156958301148,1433.1240234375,14562,0.0,0.0
2015-11-20 00:00:00+05:30,1436.4009301656195,1441.4890669815304,1430.7953789030528,1435.624755859375,9235,0.0,0.0
2015-11-23 00:00:00+05:30,1435.8834575589415,1448.819344563977,1428.1219253559202,1440.8853759765625,15991,0.0,0.0
2015-11-24 00:00:00+05:30,1440.1954313370957,1460.8928507096048,1440.1954313370957,1452.87255859375,75360,0.0,0.0
2015-11-26 00:00:00+05:30,1453.1311200012108,1473.828536547222,1453.1311200012108,1460.72021484375,10829,0.0,0.0
2015-11-27 00:00:00+05:30,1457.4431988534416,1500.5628201212949,1457.4000371231687,1474.3460693359375,12202,0.0,0.0
2015-11-30 00:00:00+05:30,1486.764726014895,1486.764726014895,1449.8974452508944,1476.416015625,14948,0.0,0.0
2015-12-01 00:00:00+05:30,1477.4507037886576,1487.626976811505,1466.0671655533672,1482.3232421875,158612,0.0,0.0
2015-12-02 00:00:00+05:30,1469.732311211732,1500.5628408440155,1469.732311211732,1495.086669921875,94319,0.0,0.0
2015-12-03 00:00:00+05:30,1507.2895924031518,1507.2895924031518,1487.6270020925733,1487.7994384765625,3324,0.0,0.0
2015-12-04 00:00:00+05:30,1483.3148482924594,1498.8379106583106,1483.3148482924594,1491.16259765625,2902,0.0,0.0
2015-12-07 00:00:00+05:30,1485.039689635818,1496.6819868542173,1483.3149048627217,1483.401123046875,69545,0.0,0.0
2015-12-08 00:00:00+05:30,1465.2047102447857,1498.7948526349185,1460.202792138477,1482.0213623046875,19808,0.0,0.0
2015-12-09 00:00:00+05:30,1481.762521754206,1491.9819555134625,1475.6395570076195,1491.766357421875,24185,0.0,0.0
2015-12-10 00:00:00+05:30,1491.9389582117478,1496.2940822507949,1448.90555333368,1460.5478515625,15932,0.0,0.0
2015-12-11 00:00:00+05:30,1460.547817179144,1479.865428914111,1433.5118352054085,1444.63671875,6135,0.0,0.0
2015-12-14 00:00:00+05:30,1444.5071543859694,1448.819116040853,1381.5525142246706,1388.796630859375,9630,0.0,0.0
2015-12-15 00:00:00+05:30,1380.6900265213403,1430.7087782629003,1380.6900265213403,1421.265625,3282,0.0,0.0
2015-12-16 00:00:00+05:30,1398.110398533302,1438.470401549075,1398.110398533302,1425.2757568359375,3669,0.0,0.0
2015-12-17 00:00:00+05:30,1415.1858846866169,1464.2990882405654,1397.0756448460202,1440.0228271484375,4010,0.0,0.0
2015-12-18 00:00:00+05:30,1460.116670293898,1506.599645493862,1417.7732210600511,1484.0050048828125,17247,0.0,0.0
2015-12-21 00:00:00+05:30,1457.4864099919794,1491.9389464439175,1457.443248260243,1481.978271484375,17177,0.0,0.0
2015-12-22 00:00:00+05:30,1458.3484386881926,1493.6633587860608,1433.2096838527398,1448.3446044921875,44874,0.0,0.0
2015-12-23 00:00:00+05:30,1444.5936242120317,1461.7552556425157,1406.6483550390108,1413.0732421875,14643,0.0,0.0
2015-12-24 00:00:00+05:30,1444.3347428018863,1444.3777992556727,1385.0883254840967,1395.221435546875,19646,0.0,0.0
2015-12-28 00:00:00+05:30,1396.213324873022,1447.9568699578776,1396.213324873022,1433.9429931640625,4359,0.0,0.0
2015-12-29 00:00:00+05:30,1415.1859684111746,1440.4109468243537,1415.1859684111746,1424.2410888671875,4733,0.0,0.0
2015-12-30 00:00:00+05:30,1427.3029642989363,1437.4791341687608,1421.3092723572981,1423.0340576171875,9322,0.0,0.0
2015-12-31 00:00:00+05:30,1431.5714257757004,1440.4109481336527,1423.8098939492056,1430.8814697265625,2360,0.0,0.0
2016-01-01 00:00:00+05:30,1407.4675238066443,1461.755081938361,1407.4675238066443,1446.3182373046875,15983,0.0,0.0
2016-01-04 00:00:00+05:30,1446.3181918446799,1453.0879507503835,1423.809772521941,1431.70068359375,6517,0.0,0.0
2016-01-05 00:00:00+05:30,1435.8832613796073,1440.195223125492,1422.947376141953,1425.1895751953125,11430,0.0,0.0
2016-01-06 00:00:00+05:30,1422.9904775054072,1434.5464502761731,1422.947315780778,1427.25927734375,19496,0.0,0.0
2016-01-07 00:00:00+05:30,1461.7550231830153,1461.7550231830153,1418.6354059799767,1429.8033447265625,18527,0.0,0.0
2016-01-08 00:00:00+05:30,1410.0979735087685,1444.5074557479559,1407.4245777795009,1439.0743408203125,20242,0.0,0.0
2016-01-11 00:00:00+05:30,1422.9475407219622,1429.4154840888802,1397.1619854446794,1418.1181640625,29844,0.0,0.0
2016-01-12 00:00:00+05:30,1428.1218823363906,1435.840252574553,1392.7637922543906,1397.8519287109375,8885,0.0,0.0
2016-01-13 00:00:00+05:30,1414.2806073259403,1423.8100870252779,1388.4519927987265,1401.689697265625,21639,0.0,0.0
2016-01-14 00:00:00+05:30,1393.6263168617431,1432.9945565825467,1391.901531816122,1406.51904296875,7600,0.0,0.0
2016-01-15 00:00:00+05:30,1425.5345572266183,1425.5345572266183,1380.7763731230784,1394.7471923828125,4550,0.0,0.0
2016-01-18 00:00:00+05:30,1378.146187371729,1379.8278104066592,1318.7273312315908,1338.7779541015625,15677,0.0,0.0
2016-01-19 00:00:00+05:30,1333.4312643827225,1334.638634958045,1295.3567190692386,1298.1163330078125,7075,0.0,0.0
2016-01-20 00:00:00+05:30,1298.7631304970043,1305.2310743739813,1267.7169998875142,1274.6593017578125,3438,0.0,0.0
2016-01-21 00:00:00+05:30,1281.9464133520828,1290.1391418598828,1213.0843953173407,1220.1129150390625,4767,0.0,0.0
2016-01-22 00:00:00+05:30,1246.157072020821,1276.3408073292837,1233.2211854600512,1271.942626953125,12027,0.0,0.0
2016-01-25 00:00:00+05:30,1275.392104928343,1311.3538248705536,1252.2799471605272,1267.1131591796875,8298,0.0,0.0
2016-01-27 00:00:00+05:30,1265.1296194086765,1273.7535431946935,1246.5881832687403,1255.98828125,3904,0.0,0.0
2016-01-28 00:00:00+05:30,1267.587387753835,1283.0673937605595,1257.4112210816822,1268.27734375,10604,0.0,0.0
2016-01-29 00:00:00+05:30,1242.8798587736435,1291.8637881780492,1228.9091442948732,1276.728759765625,3591,0.0,0.0
2016-02-01 00:00:00+05:30,1289.5353766287099,1316.0107807644436,1264.2672376151208,1270.562744140625,4129,0.0,0.0
2016-02-02 00:00:00+05:30,1270.5628988881992,1288.4143813399248,1218.00001340697,1229.85791015625,21453,0.0,0.0
2016-02-03 00:00:00+05:30,1248.6577376777652,1292.7259598164776,1191.8260683564856,1238.265869140625,18158,0.0,0.0
2016-02-04 00:00:00+05:30,1244.5185347709444,1276.254619326335,1225.5890624316326,1258.834228515625,75835,0.0,0.0
2016-02-05 00:00:00+05:30,1275.4782915583824,1291.8637462842846,1237.533027982609,1268.622314453125,7067,0.0,0.0
2016-02-08 00:00:00+05:30,1268.5793444660706,1280.566621052919,1228.9092901863703,1235.291015625,38207,0.0,0.0
2016-02-09 00:00:00+05:30,1234.9462726602783,1234.9462726602783,1208.2552622980404,1225.804931640625,2359,0.0,0.0
2016-02-10 00:00:00+05:30,1224.5972877743277,1232.1432217658949,1185.789627246268,1190.4896240234375,6729,0.0,0.0
2016-02-11 00:00:00+05:30,1190.4894552550347,1210.7988368279227,1156.4681197907723,1164.1434326171875,6036,0.0,0.0
2016-02-12 00:00:00+05:30,1195.2759938558495,1195.2759938558495,1129.7341644669284,1172.293212890625,4931,0.0,0.0
2016-02-15 00:00:00+05:30,1173.7591672476808,1223.7347625522832,1173.7591672476808,1210.9713134765625,9488,0.0,0.0
2016-02-16 00:00:00+05:30,1175.527357514914,1208.2120588186922,1175.527357514914,1190.576171875,7539,0.0,0.0
2016-02-17 00:00:00+05:30,1190.1016068701404,1221.4064955946449,1185.8328062588525,1192.9906005859375,15554,0.0,0.0
2016-02-18 00:00:00+05:30,1192.6885892427883,1227.1842823517627,1190.1014122596152,1210.798828125,4014,0.0,0.0
2016-02-19 00:00:00+05:30,1206.8749156555693,1215.9731969331124,1190.1014267855992,1193.292236328125,3119,0.0,0.0
2016-02-22 00:00:00+05:30,1203.8997678235346,1211.704461006179,1195.8364200892468,1202.82177734375,1051,0.0,0.0
2016-02-23 00:00:00+05:30,1198.7254316899239,1201.7438050790713,1190.1015077209317,1196.9144287109375,17735,0.0,0.0
2016-02-24 00:00:00+05:30,1197.0007306955033,1207.3494401827843,1190.101591037316,1201.26953125,54419,0.0,0.0
2016-02-25 00:00:00+05:30,1200.4502641702118,1228.0468219672282,1192.990548586203,1218.0430908203125,4783,0.0,0.0
2016-02-26 00:00:00+05:30,1217.6982230765673,1232.7900919886351,1217.6982230765673,1224.4249267578125,3272,0.0,0.0
2016-02-29 00:00:00+05:30,1224.5974403190958,1224.5974403190958,1147.8445021582509,1163.4969482421875,12735,0.0,0.0
2016-03-01 00:00:00+05:30,1190.0585648219055,1217.2239303194408,1164.7043079088955,1212.998291015625,7782,0.0,0.0
2016-03-02 00:00:00+05:30,1216.4906992753683,1238.6110854060514,1212.566877016004,1221.79443359375,2334,0.0,0.0
2016-03-03 00:00:00+05:30,1233.221065567495,1233.221065567495,1198.725371425747,1218.3016357421875,33923,0.0,0.0
2016-03-04 00:00:00+05:30,1220.285452133881,1245.294835958533,1205.4953989210037,1234.4287109375,117757,0.0,0.0
2016-03-08 00:00:00+05:30,1257.3683387717358,1257.3683387717358,1221.147851646624,1227.443359375,13605,0.0,0.0
2016-03-09 00:00:00+05:30,1207.651150706083,1241.8018679682302,1205.581387935421,1233.1348876953125,147616,0.0,0.0
2016-03-10 00:00:00+05:30,1246.1572581756536,1250.167404663043,1229.5562012760818,1241.327880859375,4711,0.0,0.0
2016-03-11 00:00:00+05:30,1249.6066949083124,1270.6490923298024,1215.973388420097,1254.349853515625,3997,0.0,0.0
2016-03-14 00:00:00+05:30,1239.1285580532929,1254.7810019151916,1224.5972664739327,1244.94970703125,7802,0.0,0.0
2016-03-15 00:00:00+05:30,1233.2210696152745,1253.9184861682581,1222.0099689824085,1224.812744140625,27094,0.0,0.0
2016-03-16 00:00:00+05:30,1236.6637861389845,1237.0587734112391,1224.5934208794204,1229.9921875,2994,25.0,0.0
2016-03-17 00:00:00+05:30,1247.417251271604,1290.4316392464868,1229.948121254132,1281.5654296875,9705,0.0,0.0
2016-03-18 00:00:00+05:30,1280.6877169752233,1280.6877169752233,1243.9060008123192,1252.6844482421875,12900,0.0,0.0
2016-03-21 00:00:00+05:30,1261.4629595797778,1277.1764027070665,1252.6845117051796,1263.4381103515625,3453,0.0,0.0
2016-03-22 00:00:00+05:30,1259.663324261307,1259.7072593638238,1250.928811563379,1251.9383544921875,3492,0.0,0.0
2016-03-23 00:00:00+05:30,1256.8542060637506,1272.78710952104,1250.9287540707837,1259.0048828125,5645,0.0,0.0
2016-03-28 00:00:00+05:30,1272.8310177818726,1272.8310177818726,1246.5396090323466,1250.9288330078125,10484,0.0,0.0
2016-03-29 00:00:00+05:30,1262.9551996295893,1265.5009708376926,1246.6273087027087,1255.3179931640625,166081,0.0,0.0
2016-03-30 00:00:00+05:30,1257.951664727142,1286.8327816016943,1250.9289059568578,1261.7264404296875,7350,0.0,0.0
2016-03-31 00:00:00+05:30,1278.1419310733743,1345.9993717885156,1255.6251922432443,1289.114990234375,38416,0.0,0.0
2016-04-01 00:00:00+05:30,1289.1588787087276,1350.7395987660116,1246.5394756053302,1301.2730712890625,20909,0.0,0.0
2016-04-04 00:00:00+05:30,1300.965931485498,1311.2366722916067,1272.8748992267017,1294.5137939453125,5136,0.0,0.0
2016-04-05 00:00:00+05:30,1276.3863694188653,1298.332489938447,1254.8791713096755,1260.146240234375,4383,0.0,0.0
2016-04-06 00:00:00+05:30,1257.1614826261768,1282.5312180913636,1257.1614826261768,1265.764404296875,1633,0.0,0.0
2016-04-07 00:00:00+05:30,1285.9987389260282,1285.9987389260282,1251.8067257120663,1255.274169921875,20889,0.0,0.0
2016-04-08 00:00:00+05:30,1264.140281009918,1276.3861714974323,1257.073588434885,1274.4549560546875,1935,0.0,0.0
2016-04-11 00:00:00+05:30,1273.9720939993197,1292.8018195535776,1264.3597376006123,1273.269775390625,4247,0.0,0.0
2016-04-12 00:00:00+05:30,1272.874856859942,1289.5539067084517,1271.119167402204,1285.2086181640625,1405,0.0,0.0
2016-04-13 00:00:00+05:30,1285.1647053039144,1325.5455635306769,1283.4090158157944,1320.7613525390625,8635,0.0,0.0
2016-04-18 00:00:00+05:30,1293.1529882770928,1325.54547869144,1293.1529882770928,1324.9310302734375,9141,0.0,0.0
2016-04-20 00:00:00+05:30,1324.624023038251,1336.8700237259436,1316.767354022769,1323.263427734375,15022,0.0,0.0
2016-04-21 00:00:00+05:30,1324.667270810732,1325.5451152579226,1298.0685411973561,1316.2838134765625,4943,0.0,0.0
2016-04-22 00:00:00+05:30,1334.2799177305017,1334.2799177305017,1295.6986886652574,1301.536376953125,4850,0.0,0.0
2016-04-25 00:00:00+05:30,1295.6988476667877,1312.2461997299627,1294.9087659620636,1296.9716796875,1301,0.0,0.0
2016-04-26 00:00:00+05:30,1296.5766919947214,1308.8665184591264,1282.5311760354014,1288.10546875,105366,0.0,0.0
2016-04-27 00:00:00+05:30,1287.7982490063237,1303.3799933279747,1273.7527329980746,1277.9664306640625,9016,0.0,0.0
2016-04-28 00:00:00+05:30,1277.2639668196184,1289.5537919299104,1249.172937996094,1258.9169921875,5909,0.0,0.0
2016-04-29 00:00:00+05:30,1285.1644884685777,1285.1644884685777,1255.3177722063292,1263.1744384765625,3236,0.0,0.0
2016-05-02 00:00:00+05:30,1262.3409209473455,1281.5657449999303,1224.637526707465,1265.9400634765625,20298,0.0,0.0
2016-05-03 00:00:00+05:30,1265.8520662633384,1275.464422932132,1250.928706258847,1259.7071533203125,5398,0.0,0.0
2016-05-04 00:00:00+05:30,1259.7510983608468,1259.7510983608468,1242.1502690001948,1245.9688720703125,18817,0.0,0.0
2016-05-05 00:00:00+05:30,1246.5396520028442,1255.2303372056083,1234.2498244478866,1237.4539794921875,41892,0.0,0.0
2016-05-06 00:00:00+05:30,1250.621445325049,1266.7298737781375,1236.8831546454578,1259.35595703125,4085,0.0,0.0
2016-05-09 00:00:00+05:30,1275.55238947167,1275.55238947167,1251.3677231271643,1255.5814208984375,199989,0.0,0.0
2016-05-10 00:00:00+05:30,1259.7072642132018,1343.9364283192037,1259.7072642132018,1306.32080078125,47877,0.0,0.0
2016-05-11 00:00:00+05:30,1288.6759472358372,1307.0667498046114,1286.0424132837204,1297.9810791015625,2845,0.0,0.0
2016-05-12 00:00:00+05:30,1307.9887579656854,1329.9348780657808,1287.7983274735977,1326.774658203125,10722,0.0,0.0
2016-05-13 00:00:00+05:30,1325.4578965651142,1347.4917798064123,1308.910543371888,1334.4996337890625,310988,0.0,0.0
2016-05-16 00:00:00+05:30,1327.3009412329352,1382.517384095607,1317.6446513165579,1350.3443603515625,26468,0.0,0.0
2016-05-17 00:00:00+05:30,1351.8810575881807,1351.8810575881807,1311.5441299347003,1329.9349365234375,16252,0.0,0.0
2016-05-18 00:00:00+05:30,1329.934850876164,1351.7932074807377,1317.6450238713678,1346.6578369140625,5378,0.0,0.0
2016-05-19 00:00:00+05:30,1337.8794063548746,1341.302915337739,1315.977114364244,1325.501708984375,23769,0.0,0.0
2016-05-20 00:00:00+05:30,1334.3240321656663,1334.3240321656663,1300.0880866035209,1300.7904052734375,4794,0.0,0.0
2016-05-23 00:00:00+05:30,1311.5000906313055,1319.2689954392317,1299.2102638114673,1311.2366943359375,4778,0.0,0.0
2016-05-24 00:00:00+05:30,1321.1122990306828,1332.919374189083,1289.114903532756,1323.4825439453125,3520,0.0,0.0
2016-05-25 00:00:00+05:30,1316.7233032473355,1358.9037899793989,1292.1875832362243,1318.303466796875,13519,0.0,0.0
2016-05-26 00:00:00+05:30,1385.2390128941056,1400.6890590332846,1334.3240174898863,1343.629150390625,28012,0.0,0.0
2016-05-27 00:00:00+05:30,1352.3199097526135,1354.9095090401984,1329.934867429542,1345.692138671875,6475,0.0,0.0
2016-05-30 00:00:00+05:30,1351.573665790013,1358.9036478852865,1322.999776842091,1331.953857421875,16602,0.0,0.0
2016-05-31 00:00:00+05:30,1333.0510589948174,1350.959004435083,1328.0034521707055,1341.083251953125,2734,0.0,0.0
2016-06-01 00:00:00+05:30,1350.695885636148,1353.2854848610898,1329.9787703602567,1332.6123046875,2511,0.0,0.0
2016-06-02 00:00:00+05:30,1334.3240224108902,1350.8275466042223,1321.7707995996955,1336.0797119140625,98480,0.0,0.0
2016-06-03 00:00:00+05:30,1341.3468604671696,1345.2971620850374,1310.6222923281964,1322.9560546875,14985,0.0,0.0
2016-06-06 00:00:00+05:30,1323.0436200961713,1365.0045311624565,1316.7670092536407,1356.27001953125,6173,0.0,0.0
2016-06-07 00:00:00+05:30,1356.2699928823683,1356.2699928823683,1336.0795658038605,1352.2757568359375,55392,0.0,0.0
2016-06-08 00:00:00+05:30,1351.0030043386498,1360.6592961175486,1338.800941477195,1353.06591796875,3564,0.0,0.0
2016-06-09 00:00:00+05:30,1358.6403216633569,1365.0486314138948,1353.636649286319,1359.1671142578125,2576,0.0,0.0
2016-06-10 00:00:00+05:30,1358.9036335495282,1369.3060721032773,1351.9248108531444,1360.8787841796875,16981,0.0,0.0
2016-06-13 00:00:00+05:30,1334.367853447517,1357.1478801110984,1316.767024687353,1353.9437255859375,2037,0.0,0.0
2016-06-14 00:00:00+05:30,1354.0754648334894,1358.9036107372717,1334.2800237644708,1342.9268798828125,3276,0.0,0.0
2016-06-15 00:00:00+05:30,1345.7797702213713,1366.365184196546,1340.4687672779476,1347.0086669921875,18171,0.0,0.0
2016-06-16 00:00:00+05:30,1365.0488146019525,1365.0488146019525,1331.997932803785,1347.1846923828125,20338,0.0,0.0
2016-06-17 00:00:00+05:30,1356.2262914536873,1375.5388772040212,1343.1025544550446,1364.7852783203125,14681,0.0,0.0
2016-06-20 00:00:00+05:30,1358.9035877333567,1390.5059967504117,1344.0679909574842,1385.590087890625,487646,0.0,0.0
2016-06-21 00:00:00+05:30,1385.194952894203,1404.4637076783174,1369.5254469808103,1396.60693359375,8260,0.0,0.0
2016-06-22 00:00:00+05:30,1382.605317237882,1404.551433384515,1378.3477921371891,1401.1717529296875,6083,0.0,0.0
2016-06-23 00:00:00+05:30,1401.040229504507,1430.009106430352,1361.054358035774,1373.958740234375,5395,0.0,0.0
2016-06-24 00:00:00+05:30,1360.3961504906056,1365.0048360523976,1331.6906661406767,1354.3829345703125,12814,0.0,0.0
2016-06-27 00:00:00+05:30,1353.680610783453,1387.653161531365,1353.6366756801294,1373.38818359375,5994,0.0,0.0
2016-06-28 00:00:00+05:30,1382.561555217734,1418.597125305118,1382.561555217734,1391.691162109375,15459,0.0,0.0
2016-06-29 00:00:00+05:30,1392.3057595275513,1448.4438904799094,1392.261824424931,1437.55859375,27196,0.0,0.0
2016-06-30 00:00:00+05:30,1458.1000870249923,1488.166268831498,1448.4437950579393,1461.7431640625,30849,0.0,0.0
2016-07-01 00:00:00+05:30,1469.4681444179967,1509.892937139219,1469.4681444179967,1475.700927734375,20327,0.0,0.0
2016-07-04 00:00:00+05:30,1477.588181201134,1506.3375956130383,1461.6114502540606,1469.1170654296875,7374,0.0,0.0
2016-07-05 00:00:00+05:30,1470.521592775125,1482.1968631656275,1413.637212495233,1422.4595947265625,12124,0.0,0.0
2016-07-07 00:00:00+05:30,1422.1523541341169,1435.276089582075,1405.6488308521698,1411.003662109375,6145,0.0,0.0
2016-07-08 00:00:00+05:30,1424.7418937364916,1424.7418937364916,1384.0098797789371,1405.3853759765625,34063,0.0,0.0
2016-07-11 00:00:00+05:30,1407.1850623782911,1492.2482357404622,1407.1850623782911,1456.43212890625,39429,0.0,0.0
2016-07-12 00:00:00+05:30,1483.5136856324518,1483.5136856324518,1426.4977122435237,1431.8087158203125,18119,0.0,0.0
2016-07-13 00:00:00+05:30,1441.4212877103364,1452.8772062161336,1415.3054026254506,1426.4979248046875,8120,0.0,0.0
2016-07-14 00:00:00+05:30,1433.1119964519344,1439.2854019751119,1420.9856641742642,1427.7763671875,26880,7.5,0.0
2016-07-15 00:00:00+05:30,1427.4239496769837,1430.4665141818728,1412.03446420043,1422.749755859375,22229,0.0,0.0
2016-07-18 00:00:00+05:30,1422.9700302322797,1476.3258943965518,1422.9700302322797,1438.6240234375,42919,0.0,0.0
2016-07-19 00:00:00+05:30,1447.2228333119763,1455.1600700577458,1430.6869234249564,1434.082275390625,11363,0.0,0.0
2016-07-20 00:00:00+05:30,1434.9641502323884,1472.710162535313,1431.789277154493,1465.4783935546875,24415,0.0,0.0
2016-07-21 00:00:00+05:30,1465.7868446176092,1512.0432425418337,1465.7868446176092,1504.150146484375,79708,0.0,0.0
2016-07-22 00:00:00+05:30,1505.5173282236394,1585.6834367401314,1505.5173282236394,1577.6138916015625,71595,0.0,0.0
2016-07-25 00:00:00+05:30,1604.1153847341861,1613.904620738684,1540.7056679947982,1595.0316162109375,34729,0.0,0.0
2016-07-26 00:00:00+05:30,1594.5025500836864,1635.952561064844,1567.1631811386674,1613.6842041015625,129115,0.0,0.0
2016-07-27 00:00:00+05:30,1622.7236936514703,1673.0810215265906,1600.1466898796225,1626.7364501953125,68759,0.0,0.0
2016-07-28 00:00:00+05:30,1606.584853565042,1606.584853565042,1536.7372137964992,1587.4031982421875,73740,0.0,0.0
2016-07-29 00:00:00+05:30,1604.2035989303029,1616.5504105768252,1584.6251263816503,1594.2379150390625,43843,0.0,0.0
2016-08-01 00:00:00+05:30,1597.3688640363603,1635.9526530227458,1597.3688640363603,1621.577392578125,28650,0.0,0.0
2016-08-02 00:00:00+05:30,1631.3665832350812,1644.8598195740315,1561.6511520223928,1577.04052734375,64464,0.0,0.0
2016-08-03 00:00:00+05:30,1578.716249292029,1596.1782118907965,1564.4732984419804,1571.219970703125,16869,0.0,0.0
2016-08-04 00:00:00+05:30,1595.1199229757074,1600.6760316022105,1571.572831027625,1588.6820068359375,16566,0.0,0.0
2016-08-05 00:00:00+05:30,1591.9450025514534,1603.1012506377035,1585.6834265694351,1588.15283203125,31359,0.0,0.0
2016-08-08 00:00:00+05:30,1596.3102609473176,1609.4948469049136,1586.5650573051726,1603.5860595703125,22205,0.0,0.0
2016-08-09 00:00:00+05:30,1593.3118578318192,1608.6130625259227,1568.3095875194124,1594.722900390625,11301,0.0,0.0
2016-08-10 00:00:00+05:30,1584.9335509212094,1605.0852869765731,1566.589676007793,1585.8594970703125,9609,0.0,0.0
2016-08-11 00:00:00+05:30,1587.491441087572,1609.4070114794024,1587.4473022669115,1600.3232421875,46244,0.0,0.0
2016-08-12 00:00:00+05:30,1599.793819073439,1612.0964903309593,1587.4470090034124,1601.9544677734375,20033,0.0,0.0
2016-08-16 00:00:00+05:30,1601.5579629502538,1601.5579629502538,1587.447320104877,1595.29638671875,30209,0.0,0.0
2016-08-17 00:00:00+05:30,1596.1782361438318,1603.3217272589036,1574.2185275891875,1585.154296875,46212,0.0,0.0
2016-08-18 00:00:00+05:30,1591.107278448552,1617.300115984047,1575.9824117237642,1580.1715087890625,32983,0.0,0.0
2016-08-19 00:00:00+05:30,1588.2408813425905,1609.274534366685,1578.9366342317935,1596.442626953125,13936,0.0,0.0
2016-08-22 00:00:00+05:30,1596.1783551956728,1601.5580164289763,1571.6610693708928,1579.1573486328125,10867,0.0,0.0
2016-08-23 00:00:00+05:30,1580.5243750531126,1590.0489947874967,1561.078101488288,1574.615478515625,9658,0.0,0.0
2016-08-24 00:00:00+05:30,1579.4660381122128,1583.0378378559933,1557.5946050015307,1570.5587158203125,7416,0.0,0.0
2016-08-25 00:00:00+05:30,1622.723763554845,1671.0967846492492,1583.0375845548624,1585.90380859375,56126,0.0,0.0
2016-08-26 00:00:00+05:30,1598.250817551534,1608.6574599500434,1583.9196955842488,1593.5325927734375,14116,0.0,0.0
2016-08-29 00:00:00+05:30,1596.266377355199,1596.266377355199,1571.6168926566445,1579.73046875,12475,0.0,0.0
2016-08-30 00:00:00+05:30,1578.6280988181861,1593.0473898097796,1577.7903224983945,1587.31494140625,48347,0.0,0.0
2016-08-31 00:00:00+05:30,1595.1638579187297,1607.2901899416088,1586.6533560951798,1594.722900390625,18335,0.0,0.0
2016-09-01 00:00:00+05:30,1593.3559279154465,1622.6355730902606,1584.8013947234947,1605.9232177734375,53091,0.0,0.0
2016-09-02 00:00:00+05:30,1613.023012677685,1697.6868777498873,1605.967690588335,1648.9610595703125,73929,0.0,0.0
2016-09-06 00:00:00+05:30,1670.9644957662706,1696.8046512408796,1632.4248489848587,1647.946533203125,27099,0.0,0.0
2016-09-07 00:00:00+05:30,1649.0930461035668,1653.5907915253858,1622.9001033724144,1646.359130859375,9576,0.0,0.0
2016-09-08 00:00:00+05:30,1646.5353936600845,1682.6939106070922,1627.5742201390926,1671.714111328125,37323,0.0,0.0
2016-09-09 00:00:00+05:30,1671.1848908661466,1685.3396705650187,1643.1400567028795,1647.5054931640625,19105,0.0,0.0
2016-09-12 00:00:00+05:30,1612.1407451073583,1644.1543051539704,1591.8566985332504,1615.4920654296875,17907,0.0,0.0
2016-09-14 00:00:00+05:30,1615.9332301580544,1630.6611706271435,1613.9047821782976,1625.413818359375,17847,0.0,0.0
2016-09-15 00:00:00+05:30,1625.413812652454,1672.1111782876205,1616.5946608682366,1643.889892578125,10604,0.0,0.0
2016-09-16 00:00:00+05:30,1643.8457465770225,1658.0005281911315,1552.4793560227286,1584.492919921875,125326,0.0,0.0
2016-09-19 00:00:00+05:30,1619.1963914436628,1634.1448117991347,1590.3136671409504,1625.89892578125,23067,0.0,0.0
2016-09-20 00:00:00+05:30,1613.9486924933224,1631.8515035500263,1613.9486924933224,1622.6795654296875,19886,0.0,0.0
2016-09-21 00:00:00+05:30,1622.723888618714,1669.4653919321877,1622.723888618714,1631.4989013671875,35042,0.0,0.0
2016-09-22 00:00:00+05:30,1649.1814197319522,1649.2255585541036,1605.1297986682225,1622.8121337890625,29137,0.0,0.0
2016-09-23 00:00:00+05:30,1648.2111530785853,1673.0370846921498,1625.7223180127926,1650.945068359375,67676,0.0,0.0
2016-09-26 00:00:00+05:30,1674.7125940895226,1674.7125940895226,1641.773087461607,1658.2208251953125,22521,0.0,0.0
2016-09-27 00:00:00+05:30,1659.8082392949016,1722.8210256584416,1659.8082392949016,1680.09228515625,85088,0.0,0.0
2016-09-28 00:00:00+05:30,1682.694061748798,1732.0813088441505,1682.694061748798,1719.7344970703125,78702,0.0,0.0
2016-09-29 00:00:00+05:30,1724.1440967950296,1732.9632481852855,1619.7253228032685,1680.04833984375,47696,0.0,0.0
2016-09-30 00:00:00+05:30,1680.0480709393705,1697.6863708967392,1644.771471024633,1684.1048583984375,11327,0.0,0.0
2016-10-03 00:00:00+05:30,1650.062990852473,1721.4981069716875,1650.062990852473,1709.32763671875,43295,0.0,0.0
2016-10-04 00:00:00+05:30,1725.026047918835,1763.8303148454347,1706.505829612958,1756.5103759765625,30128,0.0,0.0
2016-10-05 00:00:00+05:30,1771.7672681597935,1977.2093281925213,1762.9481179947372,1878.8316650390625,134855,0.0,0.0
2016-10-06 00:00:00+05:30,1893.471664186508,1937.5674178936924,1825.7405434300128,1847.3916015625,43960,0.0,0.0
2016-10-07 00:00:00+05:30,1867.896126356857,1869.6599565045026,1806.1620711892554,1811.2772216796875,41627,0.0,0.0
2016-10-10 00:00:00+05:30,1829.8856416848532,1829.8856416848532,1755.0111322669352,1768.9454345703125,144268,0.0,0.0
2016-10-13 00:00:00+05:30,1779.7046217081172,1784.1141970840047,1746.1918488513738,1780.1014404296875,27137,0.0,0.0
2016-10-14 00:00:00+05:30,1782.8796124960231,1859.9590167012607,1768.3280127921014,1840.4246826171875,68810,0.0,0.0
2016-10-17 00:00:00+05:30,1840.6009709187065,1913.6235849910124,1838.8812795187746,1852.021728515625,63972,0.0,0.0
2016-10-18 00:00:00+05:30,1873.187889763316,1928.748547510533,1836.676686511105,1857.8426513671875,37941,0.0,0.0
2016-10-19 00:00:00+05:30,1869.660228953969,1886.1520001754009,1847.6123488955495,1857.8426513671875,18786,0.0,0.0
2016-10-20 00:00:00+05:30,1869.5715094238992,1889.9438319072804,1855.8137647059746,1879.9781494140625,51248,0.0,0.0
2016-10-21 00:00:00+05:30,1879.3610739220383,1939.3313005887198,1865.2945711705697,1916.048828125,44807,0.0,0.0
2016-10-24 00:00:00+05:30,1901.5413380168432,1931.3501143008125,1874.9516813415387,1900.5272216796875,27046,0.0,0.0
2016-10-25 00:00:00+05:30,1891.7080601244502,1938.4054258191038,1887.2543454054824,1913.0062255859375,68630,0.0,0.0
2016-10-26 00:00:00+05:30,1926.675601040097,1974.5636306507897,1889.9880646575352,1904.186767578125,63416,0.0,0.0
2016-10-27 00:00:00+05:30,1904.9365188741237,1918.1652446996386,1868.6897239876962,1887.2982177734375,30422,0.0,0.0
2016-10-28 00:00:00+05:30,1897.175968903697,1929.6304919029044,1897.175968903697,1920.2821044921875,29644,0.0,0.0
2016-11-01 00:00:00+05:30,1979.89951028111,1979.89951028111,1916.930854742353,1932.011474609375,33513,0.0,0.0
2016-11-02 00:00:00+05:30,1913.7557490663485,1962.2610791118088,1891.7078717729573,1942.3297119140625,18051,0.0,0.0
2016-11-03 00:00:00+05:30,1944.5349524652495,1949.0328066050326,1922.5753476918421,1935.8040771484375,32120,0.0,0.0
2016-11-04 00:00:00+05:30,1935.8035975653938,1944.6227483515688,1916.4014658358092,1931.4822998046875,31242,0.0,0.0
2016-11-07 00:00:00+05:30,1934.921569245458,1947.2683796235053,1860.8407069771722,1871.7763671875,467309,0.0,0.0
2016-11-08 00:00:00+05:30,1880.8160503614813,1962.2609915744945,1856.519462917087,1928.7923583984375,547941,0.0,0.0
2016-11-09 00:00:00+05:30,1746.191876149511,1900.8796966293464,1677.8875955714784,1823.3153076171875,38176,0.0,0.0
2016-11-10 00:00:00+05:30,1888.97373142172,1908.4200010477268,1834.559616706956,1895.8968505859375,20339,0.0,0.0
2016-11-11 00:00:00+05:30,1922.5749621967243,1922.5749621967243,1856.5196058127456,1869.57177734375,14106,0.0,0.0
2016-11-15 00:00:00+05:30,1869.5718576938198,1869.5718576938198,1729.9647527478762,1774.0164794921875,17258,0.0,0.0
2016-11-16 00:00:00+05:30,1773.5312165663677,1806.162074355008,1733.0072619154373,1742.3114013671875,10618,0.0,0.0
2016-11-17 00:00:00+05:30,1735.6088535000454,1741.782258974893,1686.2216097012636,1692.747802734375,13718,0.0,0.0
2016-11-18 00:00:00+05:30,1707.3876308155225,1720.6604961111373,1674.6686021900123,1677.578857421875,9344,0.0,0.0
2016-11-21 00:00:00+05:30,1690.4107608135587,1692.3509309631359,1624.1348197962466,1633.6595458984375,7805,0.0,0.0
2016-11-22 00:00:00+05:30,1639.5244764708377,1719.7346199116303,1622.8121190326576,1696.9371337890625,12901,0.0,0.0
2016-11-23 00:00:00+05:30,1723.262293679019,1803.5165765473869,1680.489406655768,1763.654052734375,12905,0.0,0.0
2016-11-24 00:00:00+05:30,1764.711872575879,1887.2980546288761,1756.774637766692,1871.5557861328125,333797,0.0,0.0
2016-11-25 00:00:00+05:30,1865.2503257790004,1865.2503257790004,1792.9332918717294,1800.0767822265625,17667,0.0,0.0
2016-11-28 00:00:00+05:30,1812.3354492736012,1841.4386462692357,1808.1463527363508,1828.5186767578125,6252,0.0,0.0
2016-11-29 00:00:00+05:30,1834.3393245748807,1880.2430499783113,1833.501548266843,1854.93212890625,8641,0.0,0.0
2016-11-30 00:00:00+05:30,1862.78099676452,1904.6719632410716,1852.9918685220428,1883.2855224609375,7811,0.0,0.0
2016-12-01 00:00:00+05:30,1900.3947495116413,1900.5710894610434,1794.3003249353694,1810.88037109375,279483,0.0,0.0
2016-12-02 00:00:00+05:30,1807.8377817644055,1811.2773800398174,1741.826561904175,1780.3662109375,5926,0.0,0.0
2016-12-05 00:00:00+05:30,1785.8780186908891,1785.9221575066963,1737.3726897881736,1743.0169677734375,16388,0.0,0.0
2016-12-06 00:00:00+05:30,1762.9041705977024,1801.7525743551896,1746.1919222825625,1787.7301025390625,10466,0.0,0.0
2016-12-07 00:00:00+05:30,1779.6603201894104,1815.8188349659501,1764.9323828426852,1772.384521484375,12043,0.0,0.0
2016-12-08 00:00:00+05:30,1803.3842910859291,1807.9261759370993,1762.99263916327,1798.710205078125,8064,0.0,0.0
2016-12-09 00:00:00+05:30,1821.1106378522124,1821.1106378522124,1769.1659218721536,1776.3975830078125,15080,0.0,0.0
2016-12-12 00:00:00+05:30,1794.1680974785877,1812.2472493377427,1781.5126373493533,1796.8138427734375,6788,0.0,0.0
2016-12-13 00:00:00+05:30,1782.394410221959,1799.15079575227,1756.9070443842002,1761.052001953125,9216,0.0,0.0
2016-12-14 00:00:00+05:30,1770.8414207813091,1777.0589654347943,1753.2472572130873,1758.715087890625,3518,0.0,0.0
2016-12-15 00:00:00+05:30,1763.6977232466809,1768.9451821853556,1711.40022739037,1717.0003662109375,12106,0.0,0.0
2016-12-16 00:00:00+05:30,1736.4907287367757,1736.4907287367757,1697.686466642099,1703.154296875,14047,0.0,0.0
2016-12-19 00:00:00+05:30,1706.5499441604552,1713.516987680474,1662.0132293440636,1674.18359375,8290,0.0,0.0
2016-12-20 00:00:00+05:30,1675.6826753389212,1678.2401427701573,1622.7236353722599,1625.72216796875,8911,0.0,0.0
2016-12-21 00:00:00+05:30,1632.4687815270634,1640.0972600484135,1613.0225129802727,1623.0322265625,4627,0.0,0.0
2016-12-22 00:00:00+05:30,1631.542837452595,1631.542837452595,1580.3917647108378,1584.625,47935,0.0,0.0
2016-12-23 00:00:00+05:30,1591.8567598416805,1622.591479629377,1570.5584885874607,1593.48828125,11357,0.0,0.0
2016-12-26 00:00:00+05:30,1588.8141323542914,1600.8081557369148,1548.6428579816318,1558.520263671875,12418,0.0,0.0
2016-12-27 00:00:00+05:30,1565.9725456724557,1602.5278829642393,1536.8693478031325,1550.2744140625,20737,0.0,0.0
2016-12-28 00:00:00+05:30,1554.0667547932183,1578.6280694260627,1541.5876342775182,1559.0936279296875,144618,0.0,0.0
2016-12-29 00:00:00+05:30,1574.218491438224,1604.9973507011161,1560.9897646194152,1596.8836669921875,14301,0.0,0.0
2016-12-30 00:00:00+05:30,1596.8836199261154,1657.383081585514,1593.0473107928622,1604.51220703125,16198,0.0,0.0
2017-01-02 00:00:00+05:30,1649.1813984276926,1649.1813984276926,1588.549729367851,1610.0684814453125,10818,0.0,0.0
2017-01-03 00:00:00+05:30,1609.4950907939187,1664.6147856841214,1604.9091752413156,1623.38525390625,12224,0.0,0.0
2017-01-04 00:00:00+05:30,1639.4802103265333,1664.17383372037,1605.9674357206115,1621.3568115234375,14011,0.0,0.0
2017-01-05 00:00:00+05:30,1634.7177070238206,1649.181135303062,1623.4732901922089,1642.5667724609375,9508,0.0,0.0
2017-01-06 00:00:00+05:30,1636.1291636691362,1674.7570955061117,1636.1291636691362,1668.4073486328125,40899,0.0,0.0
2017-01-09 00:00:00+05:30,1675.9474765836499,1697.5543983106013,1672.1111671142824,1679.0341796875,5968,0.0,0.0
2017-01-10 00:00:00+05:30,1683.5761750058273,1693.2772425412197,1668.5836160874935,1684.8990478515625,3101,0.0,0.0
2017-01-11 00:00:00+05:30,1709.9892542950354,1709.9892542950354,1680.9301945707764,1692.3509521484375,5494,0.0,0.0
2017-01-12 00:00:00+05:30,1697.6425366740189,1697.6866754940875,1649.5341295021142,1664.1297607421875,8619,0.0,0.0
2017-01-13 00:00:00+05:30,1672.1993274636122,1683.8406722672983,1664.1739209709838,1675.0655517578125,6733,0.0,0.0
2017-01-16 00:00:00+05:30,1682.650017339254,1682.6941561603276,1656.2808396958617,1673.522216796875,8138,0.0,0.0
2017-01-17 00:00:00+05:30,1670.3914522805085,1692.3951924657806,1665.0558224989024,1686.0894775390625,5457,0.0,0.0
2017-01-18 00:00:00+05:30,1689.7934240048871,1713.6933010273156,1663.3359717315755,1666.7313232421875,15302,0.0,0.0
2017-01-19 00:00:00+05:30,1666.7754611877708,1686.7508604650134,1643.8898065674023,1658.44140625,11210,0.0,0.0
2017-01-20 00:00:00+05:30,1663.2918523600565,1669.3770879851866,1649.1812109826647,1660.1610107421875,7807,0.0,0.0
2017-01-23 00:00:00+05:30,1650.1954171501418,1669.3329312505537,1649.578012003118,1653.4144287109375,3710,0.0,0.0
2017-01-24 00:00:00+05:30,1655.4872181766475,1680.0485361370713,1653.4147388889246,1668.3631591796875,7503,0.0,0.0
2017-01-25 00:00:00+05:30,1668.3628579981419,1705.6237702489263,1667.7014216859977,1699.9794921875,12422,0.0,0.0
2017-01-27 00:00:00+05:30,1706.2410821987123,1714.3987967842625,1688.5146104142143,1701.7874755859375,18937,0.0,0.0
2017-01-30 00:00:00+05:30,1717.0887828058642,1717.0887828058642,1685.383976488635,1705.4915771484375,33808,0.0,0.0
2017-01-31 00:00:00+05:30,1710.9154019043567,1772.649462797813,1709.680699155356,1763.34521484375,137779,0.0,0.0
2017-02-01 00:00:00+05:30,1783.2766177555952,1813.3497959534084,1755.0111934124916,1802.3699951171875,30858,0.0,0.0
2017-02-02 00:00:00+05:30,1830.8117997601723,1830.8117997601723,1771.5030030984951,1814.760986328125,15007,0.0,0.0
2017-02-03 00:00:00+05:30,1816.7451346860387,1851.1398241291238,1774.5455180158456,1787.2451171875,19796,0.0,0.0
2017-02-06 00:00:00+05:30,1773.046022053063,1848.4938956361568,1773.046022053063,1840.336181640625,23762,0.0,0.0
2017-02-07 00:00:00+05:30,1851.7571318244325,1851.7571318244325,1784.1584240950408,1793.0216064453125,20040,0.0,0.0
2017-02-08 00:00:00+05:30,1804.2218712622127,1843.202473818508,1796.4609756786128,1807.529052734375,31196,0.0,0.0
2017-02-09 00:00:00+05:30,1810.5716368978897,1833.5014286949404,1799.1949109751463,1815.46630859375,8964,0.0,0.0
2017-02-10 00:00:00+05:30,1819.1263091146766,1824.9470351404805,1790.2877272115122,1799.41552734375,6713,0.0,0.0
2017-02-13 00:00:00+05:30,1815.8191387070485,1828.4747071203085,1779.7047567014597,1791.742919921875,6050,0.0,0.0
2017-02-14 00:00:00+05:30,1796.461083681606,1806.8677250685816,1776.1770360995358,1787.7301025390625,9115,0.0,0.0
2017-02-15 00:00:00+05:30,1781.4683928033305,1825.1231875774715,1781.4683928033305,1796.946044921875,9154,0.0,0.0
2017-02-16 00:00:00+05:30,1811.1891825604234,1832.0905295002315,1790.2878356206154,1813.305908203125,128601,0.0,0.0
2017-02-17 00:00:00+05:30,1824.638125527464,1828.6950209395493,1773.8839782731332,1792.1837158203125,8950,0.0,0.0
2017-02-20 00:00:00+05:30,1792.93362239238,1799.107028863972,1781.2482458568663,1792.007568359375,24490,0.0,0.0
2017-02-21 00:00:00+05:30,1805.1920359907688,1805.1920359907688,1781.5566682973497,1790.4639892578125,5005,0.0,0.0
2017-02-22 00:00:00+05:30,1790.3318507896297,1794.6972876161635,1785.8781363256664,1791.12548828125,19509,0.0,0.0
2017-02-23 00:00:00+05:30,1785.922103123493,1834.383291734707,1785.922103123493,1818.9056396484375,20061,0.0,0.0
2017-02-27 00:00:00+05:30,1807.9701399561322,1817.5829286669261,1791.1254749917398,1810.30712890625,11976,0.0,0.0
2017-02-28 00:00:00+05:30,1812.335602968945,1837.9111418916211,1799.1510147590004,1820.89013671875,14859,0.0,0.0
2017-03-01 00:00:00+05:30,1838.7488652477966,1886.3281423626754,1816.8334039544707,1856.828125,35867,0.0,0.0
2017-03-02 00:00:00+05:30,1860.7525436804935,1870.541887206234,1844.3931911734387,1857.3572998046875,19680,0.0,0.0
2017-03-03 00:00:00+05:30,1857.3132832500416,1871.9970841939462,1828.2542224741806,1849.19970703125,6210,0.0,0.0
2017-03-06 00:00:00+05:30,1877.4650287938673,1877.4650287938673,1826.4461546225507,1853.7855224609375,33595,0.0,0.0
2017-03-07 00:00:00+05:30,1853.8294785634218,1879.3608748854615,1852.021509741656,1877.46484375,59906,0.0,0.0
2017-03-08 00:00:00+05:30,1865.2062094357989,1886.416309649564,1852.021622376851,1858.5037841796875,35596,0.0,0.0
2017-03-09 00:00:00+05:30,1853.8736377416342,1865.1619776759956,1852.903445101361,1857.7098388671875,6525,0.0,0.0
2017-03-10 00:00:00+05:30,1844.966464041742,1868.9545126725652,1815.0696270634874,1825.5643310546875,31273,0.0,0.0
2017-03-14 00:00:00+05:30,1867.8963348399693,1867.8963348399693,1822.9186610548709,1831.517333984375,41395,0.0,0.0
2017-03-15 00:00:00+05:30,1850.2579158990961,1850.2579158990961,1821.2429946675277,1830.679443359375,32022,0.0,0.0
2017-03-16 00:00:00+05:30,1850.2134774276212,1866.1320857773433,1818.5528159720707,1860.6201171875,31996,0.0,0.0
2017-03-17 00:00:00+05:30,1868.7779974684968,1877.5088703694344,1843.2024609292864,1861.6343994140625,33274,0.0,0.0
2017-03-20 00:00:00+05:30,1861.634488359973,1884.6084196525244,1845.9365719142288,1856.5634765625,6000,0.0,0.0
2017-03-21 00:00:00+05:30,1871.4237965162247,1871.4237965162247,1836.1471933773703,1851.22802734375,12073,0.0,0.0
2017-03-22 00:00:00+05:30,1847.6124089650616,1852.0219851201093,1806.779690707051,1814.0113525390625,17878,0.0,0.0
2017-03-23 00:00:00+05:30,1816.7890917300006,1825.564103173335,1801.7523974797698,1812.3795166015625,24332,0.0,0.0
2017-03-24 00:00:00+05:30,1797.4752435537926,1825.5642173475512,1797.4752435537926,1813.085205078125,13675,0.0,0.0
2017-03-27 00:00:00+05:30,1813.9672200975203,1830.370712318176,1803.5164396892221,1820.2728271484375,13444,0.0,0.0
2017-03-28 00:00:00+05:30,1829.7974578148778,1876.7152971821722,1818.5089016868603,1858.8123779296875,26225,0.0,0.0
2017-03-29 00:00:00+05:30,1844.9663192022588,1860.7525127688114,1836.6322648857122,1857.0926513671875,11677,0.0,0.0
2017-03-30 00:00:00+05:30,1896.1176112130292,1896.1176112130292,1843.1144234913368,1853.2125244140625,102065,0.0,0.0
2017-03-31 00:00:00+05:30,1853.212646197886,1935.803920984609,1837.9113309029271,1908.42041015625,39868,0.0,0.0
2017-04-03 00:00:00+05:30,1913.8441535664529,1934.9218395316284,1894.3537426225787,1912.2125244140625,26157,0.0,0.0
2017-04-05 00:00:00+05:30,1905.9505932662387,1944.4904525751103,1877.332493420216,1891.0904541015625,24203,0.0,0.0
2017-04-06 00:00:00+05:30,1891.7079928060593,1893.7805795287645,1866.6616887228035,1881.610107421875,23732,0.0,0.0
2017-04-07 00:00:00+05:30,1878.5232305601296,1903.834149907762,1867.3229522772453,1876.8916015625,19079,0.0,0.0
2017-04-10 00:00:00+05:30,1876.891899674734,1909.3022835181628,1871.468207278529,1886.548828125,18442,0.0,0.0
2017-04-11 00:00:00+05:30,1887.5187612878617,1896.1174333694207,1876.7153014930825,1880.99267578125,10925,0.0,0.0
2017-04-12 00:00:00+05:30,1895.2795027596735,1895.2795027596735,1860.8848172343487,1869.086669921875,21738,0.0,0.0
2017-04-13 00:00:00+05:30,1874.1579214209175,1891.7079463134742,1866.1324076453666,1887.56298828125,19468,0.0,0.0
2017-04-17 00:00:00+05:30,1886.6810566755257,1899.1159306635861,1867.0143064643948,1872.7908935546875,7471,0.0,0.0
2017-04-18 00:00:00+05:30,1878.9642584245394,1913.7999048570616,1855.1525507364863,1868.5576171875,19709,0.0,0.0
2017-04-19 00:00:00+05:30,1875.8333875338753,1895.4559981933153,1844.1727220775463,1853.168212890625,31899,0.0,0.0
2017-04-20 00:00:00+05:30,1860.8853307061324,1872.3943678698452,1844.7462384441376,1854.1385498046875,7948,0.0,0.0
2017-04-21 00:00:00+05:30,1865.1621170842848,1895.235507445137,1860.840819315607,1864.3243408203125,65961,0.0,0.0
2017-04-24 00:00:00+05:30,1863.5747969686852,1896.9992915743715,1862.6046042794387,1878.4349365234375,21767,0.0,0.0
2017-04-25 00:00:00+05:30,1883.1534080298313,1926.190909159071,1869.660063565423,1914.19677734375,25148,0.0,0.0
2017-04-26 00:00:00+05:30,1918.9589560805966,1918.9589560805966,1878.5674172523848,1891.9283447265625,19357,0.0,0.0
2017-04-27 00:00:00+05:30,1901.3651544054794,1901.3651544054794,1852.286656500201,1871.6446533203125,15528,0.0,0.0
2017-04-28 00:00:00+05:30,1871.3354829351993,1879.3609961196366,1860.4880999274203,1864.7652587890625,15112,0.0,0.0
2017-05-02 00:00:00+05:30,1870.7182729202789,1876.6270610465353,1807.925960665758,1822.3892822265625,34370,0.0,0.0
2017-05-03 00:00:00+05:30,1827.3722825169098,1845.848361370902,1806.9999569525062,1822.4334716796875,12415,0.0,0.0
2017-05-04 00:00:00+05:30,1819.435248153017,1869.7044159822856,1807.0884350019685,1860.3118896484375,34160,0.0,0.0
2017-05-05 00:00:00+05:30,1853.8296397843394,1865.2503970253792,1803.5163413318678,1813.2174072265625,22244,0.0,0.0
2017-05-08 00:00:00+05:30,1821.242992515138,1847.6121683639235,1816.3041817400956,1825.873046875,21815,0.0,0.0
2017-05-09 00:00:00+05:30,1830.8998992685956,1894.8828832849615,1829.1802078737855,1857.6658935546875,201548,0.0,0.0
2017-05-10 00:00:00+05:30,1873.187677036987,1882.8887431610015,1865.2504411173386,1874.6868896484375,6950,0.0,0.0
2017-05-11 00:00:00+05:30,1872.3058862195883,1922.5309115606244,1872.3058862195883,1896.8673095703125,15622,0.0,0.0
2017-05-12 00:00:00+05:30,1908.4645516771789,1930.4241547101133,1904.9368907683486,1922.5751953125,42876,0.0,0.0
2017-05-15 00:00:00+05:30,1919.047165586203,1948.988138733343,1919.047165586203,1937.4351806640625,27628,0.0,0.0
2017-05-16 00:00:00+05:30,1949.032278863617,1981.6631360210622,1940.1689894653496,1973.549560546875,52055,0.0,0.0
2017-05-17 00:00:00+05:30,1953.4421804819283,1992.2464495298764,1935.8038763692248,1954.19189453125,15048,0.0,0.0
2017-05-18 00:00:00+05:30,1958.7337017485502,1975.2254732845267,1918.6506981001137,1940.566162109375,20242,0.0,0.0
2017-05-19 00:00:00+05:30,1940.2135704791285,1957.4991956861159,1891.0467947726686,1904.7606201171875,11374,0.0,0.0
2017-05-22 00:00:00+05:30,1887.2980744385166,1920.4581641139096,1826.4459402626953,1848.18505859375,16160,0.0,0.0
2017-05-23 00:00:00+05:30,1876.7152129710141,1876.7152129710141,1801.2233067623317,1807.1322021484375,18740,0.0,0.0
2017-05-24 00:00:00+05:30,1859.9589193868478,1859.9589193868478,1785.8780520428484,1794.0357666015625,6984,0.0,0.0
2017-05-25 00:00:00+05:30,1789.4055881931492,1830.8555944253217,1785.8779280882834,1824.1529541015625,7096,0.0,0.0
2017-05-26 00:00:00+05:30,1795.5790583571156,1847.6120467869143,1795.5790583571156,1822.5216064453125,5276,0.0,0.0
2017-05-29 00:00:00+05:30,1851.8895483374538,1851.8895483374538,1798.2249272339288,1815.6868896484375,10696,0.0,0.0
2017-05-30 00:00:00+05:30,1815.9953957232144,1830.3706549446272,1805.2360745436558,1822.1248779296875,9972,0.0,0.0
2017-05-31 00:00:00+05:30,1822.1688906699405,1840.9095875007042,1812.4239005669951,1817.053955078125,12893,0.0,0.0
2017-06-01 00:00:00+05:30,1823.1832360076312,1836.0590680345028,1814.981382035296,1830.6353759765625,5677,0.0,0.0
2017-06-02 00:00:00+05:30,1832.0466727137737,1874.0698469213833,1828.87169178975,1849.376220703125,8786,0.0,0.0
2017-06-05 00:00:00+05:30,1848.7144356015863,1859.9588525623114,1836.2354236873377,1847.9647216796875,5921,0.0,0.0
2017-06-06 00:00:00+05:30,1868.557503330938,1909.2577965710107,1833.5455190741457,1848.052978515625,5333,0.0,0.0
2017-06-07 00:00:00+05:30,1839.0576455653836,1894.3536806103225,1839.0576455653836,1887.077880859375,44675,0.0,0.0
2017-06-08 00:00:00+05:30,1887.298547866424,1888.004123096117,1834.3836353094216,1863.3985595703125,8872,0.0,0.0
2017-06-09 00:00:00+05:30,1891.5759536226853,1891.7081547817031,1861.3262183883849,1868.2052001953125,4505,0.0,0.0
2017-06-12 00:00:00+05:30,1891.708042840639,1891.708042840639,1852.0218601237027,1876.9801025390625,5100,0.0,0.0
2017-06-13 00:00:00+05:30,1859.0771161906323,1890.3409648593743,1843.6877400510323,1874.9957275390625,10549,0.0,0.0
2017-06-14 00:00:00+05:30,1871.3797760559787,1887.4747272560107,1862.8693811350072,1873.3199462890625,3770,0.0,0.0
2017-06-15 00:00:00+05:30,1843.2026736971302,1882.0069405118065,1843.2026736971302,1854.270751953125,7542,0.0,0.0
2017-06-16 00:00:00+05:30,1853.8296835340445,1903.5696091707125,1821.3310258953413,1862.9134521484375,29305,0.0,0.0
2017-06-19 00:00:00+05:30,1865.2062834241576,1882.8445852893215,1860.7967079578666,1863.26611328125,6223,0.0,0.0
2017-06-20 00:00:00+05:30,1863.7071706782988,1883.726601305565,1855.5494556286008,1874.9957275390625,15828,0.0,0.0
2017-06-21 00:00:00+05:30,1873.1877254100868,1874.9074168414922,1856.3871992173813,1865.3826904296875,4043,0.0,0.0
2017-06-22 00:00:00+05:30,1867.5437804062694,1896.1177477832123,1865.3389923274517,1874.9517822265625,10052,0.0,0.0
2017-06-23 00:00:00+05:30,1858.9007468219334,1886.3281780711116,1850.522553119629,1871.24755859375,6189,0.0,0.0
2017-06-27 00:00:00+05:30,1880.2430030376945,1880.2430030376945,1852.1099973250202,1856.343017578125,55713,0.0,0.0
2017-06-28 00:00:00+05:30,1861.7671899963211,1861.7671899963211,1847.436067503875,1852.507080078125,7517,0.0,0.0
2017-06-29 00:00:00+05:30,1859.0330151611665,1873.717031735903,1853.7856630307408,1857.0487060546875,6646,0.0,0.0
2017-06-30 00:00:00+05:30,1856.5196498432786,1887.342540965601,1847.4358808267605,1863.3544921875,11045,0.0,0.0
2017-07-03 00:00:00+05:30,1828.2098103605936,1892.1045095851803,1828.2098103605936,1855.90185546875,14358,0.0,0.0
2017-07-04 00:00:00+05:30,1860.885045996702,1887.0337432360827,1855.5494164470333,1875.4366455078125,23123,0.0,0.0
2017-07-05 00:00:00+05:30,1863.4867151573287,1902.7319393998755,1863.4867151573287,1897.0877685546875,9018,0.0,0.0
2017-07-06 00:00:00+05:30,1909.4000729276995,1947.5906715235983,1899.4605572273256,1908.9969482421875,14929,32.5,0.0
2017-07-07 00:00:00+05:30,1908.9969851935912,1916.2501690736387,1905.5048410227587,1912.0416259765625,3620,0.0,0.0
2017-07-10 00:00:00+05:30,1567.0267619248532,1932.3678584193333,1567.0267619248532,1904.69873046875,814,0.0,0.0
2017-07-11 00:00:00+05:30,1907.4746840262496,1920.7272983859816,1890.729925660606,1912.7579345703125,10542,0.0,0.0
2017-07-12 00:00:00+05:30,1900.1767728172404,1946.695039726308,1900.1767728172404,1937.471923828125,10146,0.0,0.0
2017-07-13 00:00:00+05:30,1936.93499960589,1975.3494596761004,1934.0694039207563,1966.1263427734375,10983,0.0,0.0
2017-07-14 00:00:00+05:30,1980.6772978605252,2014.748985538822,1962.8580498341287,2006.82421875,19188,0.0,0.0
2017-07-17 00:00:00+05:30,1993.3477407286775,2002.2573637549285,1974.9463249762882,1990.8404541015625,4694,0.0,0.0
2017-07-18 00:00:00+05:30,1987.8406456986522,2005.7047078133057,1987.0796495508077,1990.795654296875,5492,0.0,0.0
2017-07-19 00:00:00+05:30,1994.6011485406837,2005.7941965122923,1982.5574726460761,1993.3922119140625,3944,0.0,0.0
2017-07-20 00:00:00+05:30,1995.049496564393,2030.553768426927,1989.8558769528133,2015.28662109375,10245,0.0,0.0
2017-07-21 00:00:00+05:30,2029.926351886142,2171.451293302362,2012.7338740290243,2119.91845703125,66361,0.0,0.0
2017-07-24 00:00:00+05:30,2105.3676705252765,2180.2268686000716,2070.3111290100933,2085.309814453125,18412,0.0,0.0
2017-07-25 00:00:00+05:30,2104.2929012150425,2104.2929012150425,2043.4475395601976,2052.670654296875,6609,0.0,0.0
2017-07-26 00:00:00+05:30,2041.6576321078771,2090.8622481432467,2041.6576321078771,2071.43115234375,9119,0.0,0.0
2017-07-27 00:00:00+05:30,2066.7292854046736,2126.6792092867754,2055.0885149959463,2106.84521484375,29754,0.0,0.0
2017-07-28 00:00:00+05:30,2122.0228741411593,2148.841373658685,2099.7261911634378,2136.081298828125,10602,0.0,0.0
2017-07-31 00:00:00+05:30,2117.8590323501203,2180.2268305561743,2116.9635884586987,2167.780029296875,15093,0.0,0.0
2017-08-01 00:00:00+05:30,2138.3202588664444,2180.227081531905,2138.3202588664444,2169.83984375,9363,0.0,0.0
2017-08-02 00:00:00+05:30,2182.1521217473,2182.1521217473,2141.9467752572973,2161.019775390625,11281,0.0,0.0
2017-08-03 00:00:00+05:30,2149.066076554353,2166.9749605256393,2149.066076554353,2151.842041015625,68358,0.0,0.0
2017-08-04 00:00:00+05:30,2157.07924771823,2173.913634486419,2151.1246340335088,2163.97412109375,19909,0.0,0.0
2017-08-07 00:00:00+05:30,2169.6157986051694,2305.7680901358444,2169.6157986051694,2294.39599609375,66226,0.0,0.0
2017-08-08 00:00:00+05:30,2296.8134967229585,2381.880663268253,2260.9957423880974,2274.6064453125,49360,0.0,0.0
2017-08-09 00:00:00+05:30,2263.68205074676,2318.2144937166086,2260.9957191991966,2287.05322265625,13820,0.0,0.0
2017-08-10 00:00:00+05:30,2266.3685183150637,2295.022723208814,2223.3872109744384,2238.56494140625,21313,0.0,0.0
2017-08-11 00:00:00+05:30,2235.027906361952,2284.993718183754,2207.2691463069755,2252.623291015625,18097,0.0,0.0
2017-08-14 00:00:00+05:30,2281.4124075347113,2326.3188394567574,2249.57932764987,2288.486328125,11808,0.0,0.0
2017-08-16 00:00:00+05:30,2319.200317465476,2381.7023620219597,2289.337168016874,2314.051513671875,99761,0.0,0.0
2017-08-17 00:00:00+05:30,2323.7217993223926,2390.566600821228,2301.2908852973273,2313.69287109375,76854,0.0,0.0
2017-08-18 00:00:00+05:30,2322.5125595855834,2381.8805277404526,2301.2905850725424,2360.703369140625,19137,0.0,0.0
2017-08-21 00:00:00+05:30,2362.181352535338,2372.8818649773057,2330.840811466825,2347.854248046875,12748,0.0,0.0
2017-08-22 00:00:00+05:30,2368.44871774484,2368.44871774484,2306.6630990210615,2337.0185546875,8098,0.0,0.0
2017-08-23 00:00:00+05:30,2338.944429776632,2380.9854798020747,2338.944429776632,2359.360595703125,9423,0.0,0.0
2017-08-24 00:00:00+05:30,2371.045942442446,2505.4521664817503,2346.824358540657,2463.187255859375,112086,0.0,0.0
2017-08-28 00:00:00+05:30,2492.916033543578,2569.924215614249,2471.4701940037244,2537.688232421875,48942,0.0,0.0
2017-08-29 00:00:00+05:30,2537.7330925295264,2684.5410914847703,2537.7330925295264,2660.18505859375,72575,0.0,0.0
2017-08-30 00:00:00+05:30,2659.60257369161,2686.6003380548655,2627.2323646202526,2652.349609375,59314,0.0,0.0
2017-08-31 00:00:00+05:30,2652.439025019776,2663.945566424647,2587.832835955371,2601.08544921875,17250,0.0,0.0
2017-09-01 00:00:00+05:30,2575.4308164638614,2653.782155612406,2575.4308164638614,2608.33837890625,16375,0.0,0.0
2017-09-04 00:00:00+05:30,2596.7871146413395,2630.5901193233085,2525.285837159752,2547.045166015625,14515,0.0,0.0
2017-09-05 00:00:00+05:30,2547.5379583560148,2556.4923975769498,2507.28779778076,2521.256591796875,27830,0.0,0.0
2017-09-06 00:00:00+05:30,2516.107574753694,2516.107574753694,2470.8430632419313,2479.21533203125,25370,0.0,0.0
2017-09-07 00:00:00+05:30,2498.2885423601865,2611.965104534337,2462.4707854804706,2521.7939453125,95811,0.0,0.0
2017-09-08 00:00:00+05:30,2550.985970626489,2562.71615697891,2480.380117033453,2491.97607421875,27755,0.0,0.0
2017-09-11 00:00:00+05:30,2510.556470014004,2529.6294722354837,2484.2305020672447,2505.2734375,56230,0.0,0.0
2017-09-12 00:00:00+05:30,2529.628878249049,2552.4626964420936,2467.9774816821405,2506.750244140625,65430,0.0,0.0
2017-09-13 00:00:00+05:30,2507.2429791554177,2538.5835163948605,2472.454895373941,2487.543212890625,20269,0.0,0.0
2017-09-14 00:00:00+05:30,2487.543031089834,2511.630383362042,2456.6502180687403,2463.947998046875,24163,0.0,0.0
2017-09-15 00:00:00+05:30,2474.1117193364817,2494.6172990543,2418.6838243620136,2461.93359375,174329,0.0,0.0
2017-09-18 00:00:00+05:30,2446.352857981458,2543.060804051003,2426.6530911895134,2527.569580078125,100459,0.0,0.0
2017-09-19 00:00:00+05:30,2531.867402666769,2577.087315605645,2526.226062874324,2554.83544921875,37518,0.0,0.0
2017-09-20 00:00:00+05:30,2583.356029296701,2596.8325056853823,2502.766066511015,2512.39208984375,16307,0.0,0.0
2017-09-21 00:00:00+05:30,2530.345721625931,2534.1065427368226,2469.6345741583596,2506.0791015625,14438,0.0,0.0
2017-09-22 00:00:00+05:30,2506.034140284445,2506.034140284445,2395.76030453683,2412.14697265625,24326,0.0,0.0
2017-09-25 00:00:00+05:30,2395.3123644777725,2460.679767321465,2315.6178596409422,2424.727783203125,34204,0.0,0.0
2017-09-26 00:00:00+05:30,2417.69902756535,2476.7535212009893,2386.358484615429,2415.0126953125,39437,0.0,0.0
2017-09-27 00:00:00+05:30,2432.026109691971,2525.7790606984054,2417.699004480237,2472.455322265625,52499,0.0,0.0
2017-09-28 00:00:00+05:30,2466.9033415821973,2578.8338387466215,2433.8167303432438,2567.058837890625,51824,0.0,0.0
2017-09-29 00:00:00+05:30,2565.4466858135474,2628.127756671121,2482.215221876229,2504.06396484375,59263,0.0,0.0
2017-10-03 00:00:00+05:30,2508.182924500016,2605.741483751299,2508.182924500016,2582.7734375,48522,0.0,0.0
2017-10-04 00:00:00+05:30,2614.696078522175,2657.6773839225393,2585.638968906648,2620.02392578125,27790,0.0,0.0
2017-10-05 00:00:00+05:30,2628.217273503789,2664.885654628167,2607.756294537736,2656.82666015625,30882,0.0,0.0
2017-10-06 00:00:00+05:30,2655.035994361689,2656.826882171769,2620.024050228931,2630.59033203125,26830,0.0,0.0
2017-10-09 00:00:00+05:30,2641.4704084883747,2641.4704084883747,2577.267111569692,2600.68310546875,16629,0.0,0.0
2017-10-10 00:00:00+05:30,2600.6828779443827,2610.264085055052,2584.4752540419763,2599.83203125,9083,0.0,0.0
2017-10-11 00:00:00+05:30,2600.3692567530625,2628.1280194801097,2573.595569826545,2599.11572265625,27860,0.0,0.0
2017-10-12 00:00:00+05:30,2605.741910615999,2612.9054622603044,2574.6700490816747,2599.876708984375,12078,0.0,0.0
2017-10-13 00:00:00+05:30,2612.860679172507,2619.1736028612277,2585.549638185407,2605.741943359375,7428,0.0,0.0
2017-10-16 00:00:00+05:30,2631.665086424503,2631.665086424503,2584.341002438567,2593.205810546875,6578,0.0,0.0
2017-10-17 00:00:00+05:30,2619.173644060388,2619.173644060388,2557.6566862971026,2565.760498046875,13342,0.0,0.0
2017-10-18 00:00:00+05:30,2609.3234736056315,2628.127795138136,2576.192049953124,2581.78857421875,25127,0.0,0.0
2017-10-19 00:00:00+05:30,2583.3556455144026,2618.1883256980027,2583.3556455144026,2609.23388671875,5041,0.0,0.0
2017-10-23 00:00:00+05:30,2618.2336782435755,2634.75457782354,2584.2516190752644,2595.265625,10954,0.0,0.0
2017-10-24 00:00:00+05:30,2612.860433104455,2628.0381631893247,2579.9080545070415,2600.32421875,10015,0.0,0.0
2017-10-25 00:00:00+05:30,2628.1276531351996,2632.6048723057875,2517.182249533714,2575.87841796875,22656,0.0,0.0
2017-10-26 00:00:00+05:30,2575.2517739660584,2708.7177275366175,2463.4109211904856,2656.24462890625,45807,0.0,0.0
2017-10-27 00:00:00+05:30,2677.377162592873,2707.822254073862,2632.6497851546765,2666.094482421875,24526,0.0,0.0
2017-10-30 00:00:00+05:30,2666.0943456310183,2685.3912036995325,2612.054442193454,2638.828125,15200,0.0,0.0
2017-10-31 00:00:00+05:30,2627.2323561431185,2672.899994235586,2597.279801940611,2658.528076171875,19411,0.0,0.0
2017-11-01 00:00:00+05:30,2681.809552599382,2681.809552599382,2607.084805987467,2638.5595703125,15259,0.0,0.0
2017-11-02 00:00:00+05:30,2636.7687039953344,2663.8558810591926,2611.1143245689736,2641.38037109375,39358,0.0,0.0
2017-11-03 00:00:00+05:30,2648.723460409286,2648.723460409286,2609.323922796707,2622.307861328125,34275,0.0,0.0
2017-11-06 00:00:00+05:30,2621.9044744403673,2623.6057303523253,2565.5363263926934,2610.174072265625,7232,0.0,0.0
2017-11-07 00:00:00+05:30,2616.6662636724873,2619.1735504521794,2548.433478491249,2555.1044921875,8378,0.0,0.0
2017-11-08 00:00:00+05:30,2561.193434488601,2596.7873297847887,2514.4064903571334,2566.2080078125,25136,0.0,0.0
2017-11-09 00:00:00+05:30,2574.4014145894785,2623.650832955538,2543.0608756292586,2604.443603515625,12818,0.0,0.0
2017-11-10 00:00:00+05:30,2621.859671474359,2628.1277786124465,2565.4467072315706,2619.17333984375,12297,0.0,0.0
2017-11-13 00:00:00+05:30,2619.1286035178982,2623.650638956353,2578.7888119162176,2595.80224609375,3727,0.0,0.0
2017-11-14 00:00:00+05:30,2594.772709287794,2595.8023823858557,2556.4924803784493,2562.58154296875,10815,0.0,0.0
2017-11-15 00:00:00+05:30,2543.105966805023,2562.7161044312306,2503.3035217403553,2520.1376953125,8458,0.0,0.0
2017-11-16 00:00:00+05:30,2520.674710050118,2564.551463439978,2508.1384947958722,2554.11962890625,9065,0.0,0.0
2017-11-17 00:00:00+05:30,2552.0147706609537,2582.0121372634594,2528.7332324022923,2538.090576171875,14469,0.0,0.0
2017-11-20 00:00:00+05:30,2565.4467077366025,2577.0874781381995,2526.9426210236275,2543.9560546875,13958,0.0,0.0
2017-11-21 00:00:00+05:30,2560.924783129888,2566.2974466243954,2543.0607207334983,2558.641357421875,2471,0.0,0.0
2017-11-22 00:00:00+05:30,2556.940425104435,2601.2200886207393,2549.8216887959165,2565.7158203125,9066,0.0,0.0
2017-11-23 00:00:00+05:30,2573.953484749226,2615.5916260053887,2542.1652263708656,2591.235595703125,11107,0.0,0.0
2017-11-24 00:00:00+05:30,2614.5170772238134,2623.650561051386,2569.9239284018695,2586.44482421875,13190,0.0,0.0
2017-11-27 00:00:00+05:30,2588.2357235651207,2614.6961339863556,2583.4004140507004,2590.026611328125,10698,0.0,0.0
2017-11-28 00:00:00+05:30,2586.0418202940054,2596.7871464171108,2548.7018557390584,2580.7587890625,15010,0.0,0.0
2017-11-29 00:00:00+05:30,2595.8919465930335,2595.8919465930335,2484.543406729661,2521.48046875,11125,0.0,0.0
2017-11-30 00:00:00+05:30,2511.720188132831,2604.846355535973,2508.317457524099,2555.283447265625,17917,0.0,0.0
2017-12-01 00:00:00+05:30,2534.151306271876,2600.3693455742364,2532.315602370503,2588.101806640625,9954,0.0,0.0
2017-12-04 00:00:00+05:30,2588.1014435409616,2605.7416439368644,2556.5818632546734,2598.13037109375,5915,0.0,0.0
2017-12-05 00:00:00+05:30,2570.8197103386124,2605.7420261530347,2553.1795073552044,2593.7431640625,10380,0.0,0.0
2017-12-06 00:00:00+05:30,2569.9688996859777,2603.950953168335,2569.9240837665484,2596.921630859375,6983,0.0,0.0
2017-12-07 00:00:00+05:30,2596.4738026874047,2619.1285769537194,2562.850059321588,2597.4140625,16814,0.0,0.0
2017-12-08 00:00:00+05:30,2589.9816990745007,2651.409234506389,2589.9816990745007,2640.48486328125,13018,0.0,0.0
2017-12-11 00:00:00+05:30,2681.855172352492,2681.855172352492,2596.7879799072543,2607.040771484375,34548,0.0,0.0
2017-12-12 00:00:00+05:30,2596.832564380332,2623.606254065245,2553.806433997733,2555.7763671875,9927,0.0,0.0
2017-12-13 00:00:00+05:30,2557.432519844279,2609.771170552308,2557.432519844279,2588.280517578125,5243,0.0,0.0
2017-12-14 00:00:00+05:30,2623.650485885374,2623.650485885374,2511.6303725747503,2536.658203125,15267,0.0,0.0
2017-12-15 00:00:00+05:30,2537.7330612578585,2595.892104173881,2537.7330612578585,2585.818359375,9255,0.0,0.0
2017-12-18 00:00:00+05:30,2590.474562410904,2636.1870203279595,2552.0152880212922,2624.0537109375,5261,0.0,0.0
2017-12-19 00:00:00+05:30,2634.2618659229097,2689.018175898522,2632.2917143458735,2650.9169921875,48755,0.0,0.0
2017-12-20 00:00:00+05:30,2663.945587522675,2666.049968121537,2632.6050511988788,2640.9775390625,70806,0.0,0.0
2017-12-21 00:00:00+05:30,2654.6774166434607,2658.1249627742327,2628.127594994904,2641.962158203125,92896,0.0,0.0
2017-12-22 00:00:00+05:30,2610.219392953641,2663.946035690251,2605.74217272559,2621.2333984375,6824,0.0,0.0
2017-12-26 00:00:00+05:30,2631.0826173832256,2641.5592663438483,2614.69595177086,2637.305908203125,4790,0.0,0.0
2017-12-27 00:00:00+05:30,2637.3061280863753,2704.240559144675,2613.800725875267,2624.72509765625,38298,0.0,0.0
2017-12-28 00:00:00+05:30,2637.0821996940117,2641.649050881108,2552.015031961947,2576.460693359375,14606,0.0,0.0
2017-12-29 00:00:00+05:30,2587.8332334014435,2613.801110137998,2561.0147285636135,2567.551513671875,4010,0.0,0.0
2018-01-01 00:00:00+05:30,2568.1334598505878,2595.89222458398,2561.46244559719,2564.95458984375,7651,0.0,0.0
2018-01-02 00:00:00+05:30,2572.610285096375,2575.8785678353684,2535.89708576155,2542.881591796875,6563,0.0,0.0
2018-01-03 00:00:00+05:30,2567.685339267931,2571.7148367489094,2534.1061935931107,2546.239501953125,4207,0.0,0.0
2018-01-04 00:00:00+05:30,2556.4926944251865,2575.7447409856563,2525.19696943695,2532.763427734375,6551,0.0,0.0
2018-01-05 00:00:00+05:30,2538.628571262782,2551.4780615718714,2525.1969111816197,2533.927490234375,10840,0.0,0.0
2018-01-08 00:00:00+05:30,2533.9269864215053,2578.878222832761,2533.9269864215053,2565.35693359375,9820,0.0,0.0
2018-01-09 00:00:00+05:30,2565.670584824743,2565.670584824743,2538.5834073739275,2544.179931640625,57349,0.0,0.0
2018-01-10 00:00:00+05:30,2552.0150850396094,2601.2644989614264,2542.165202255246,2579.19189453125,10099,0.0,0.0
2018-01-11 00:00:00+05:30,2567.685214768804,2592.2202885732177,2529.62885151591,2540.55322265625,14997,0.0,0.0
2018-01-12 00:00:00+05:30,2542.165282724355,2552.0151658205045,2505.810172214691,2518.74951171875,67441,0.0,0.0
2018-01-15 00:00:00+05:30,2518.7500697755268,2529.6296283419733,2498.28908427402,2515.212890625,23185,0.0,0.0
2018-01-16 00:00:00+05:30,2534.688307345711,2543.0607956503277,2462.470840858592,2486.379150390625,7785,0.0,0.0
2018-01-17 00:00:00+05:30,2463.4109147590907,2502.765629322006,2463.4109147590907,2480.8720703125,6300,0.0,0.0
2018-01-18 00:00:00+05:30,2478.0963921528028,2525.0623850563334,2417.698739584912,2439.816162109375,13482,0.0,0.0
2018-01-19 00:00:00+05:30,2440.0848960774306,2522.286698868138,2418.7732851888386,2507.69091796875,27815,0.0,0.0
2018-01-22 00:00:00+05:30,2517.09306361193,2520.674839582918,2452.5762802116546,2508.00439453125,6872,0.0,0.0
2018-01-23 00:00:00+05:30,2484.8571570293143,2536.8825420690387,2484.8571570293143,2532.002197265625,11594,0.0,0.0
2018-01-24 00:00:00+05:30,2529.5842434287642,2534.0614630028304,2510.8247371362745,2524.390625,16271,0.0,0.0
2018-01-25 00:00:00+05:30,2517.2718893219703,2535.135951697673,2502.497064729185,2524.927978515625,25223,0.0,0.0
2018-01-29 00:00:00+05:30,2542.120682254077,2542.120682254077,2507.198366498921,2522.644775390625,13389,0.0,0.0
2018-01-30 00:00:00+05:30,2526.002506645187,2526.002506645187,2507.063955001114,2507.824951171875,10580,0.0,0.0
2018-01-31 00:00:00+05:30,2491.706830298098,2520.6745273206357,2477.8722660468393,2514.809326171875,33221,0.0,0.0
2018-02-01 00:00:00+05:30,2515.2123051080757,2534.240488148329,2477.693292817929,2508.989013671875,14050,0.0,0.0
2018-02-02 00:00:00+05:30,2530.5246406530287,2530.5246406530287,2475.902558883802,2490.632568359375,16452,0.0,0.0
2018-02-05 00:00:00+05:30,2489.289369224286,2489.289369224286,2382.86598675814,2455.93408203125,15267,0.0,0.0
2018-02-06 00:00:00+05:30,2262.7866780211734,2435.6073463464945,2262.7866780211734,2412.594482421875,26334,0.0,0.0
2018-02-07 00:00:00+05:30,2417.6987982436895,2435.6076782306795,2395.3126982599515,2410.356201171875,16087,0.0,0.0
2018-02-08 00:00:00+05:30,2417.6988641278026,2448.278190093195,2401.7599167821813,2426.429443359375,13977,0.0,0.0
2018-02-09 00:00:00+05:30,2373.9115594537684,2422.13108532103,2355.9130484905254,2412.14697265625,6149,0.0,0.0
2018-02-12 00:00:00+05:30,2401.6259241866146,2431.1307639526112,2401.6259241866146,2408.655029296875,11220,0.0,0.0
2018-02-14 00:00:00+05:30,2425.667734348914,2493.8110981202576,2417.7880034365344,2456.560546875,33172,0.0,0.0
2018-02-15 00:00:00+05:30,2468.7390071226814,2471.3805230918924,2442.457639350884,2461.79931640625,43980,0.0,0.0
2018-02-16 00:00:00+05:30,2446.3977058854143,2462.47088118704,2442.771114137544,2451.815185546875,9992,0.0,0.0
2018-02-19 00:00:00+05:30,2462.4709165322856,2462.4709165322856,2430.996148444855,2438.070068359375,18968,0.0,0.0
2018-02-20 00:00:00+05:30,2449.039321421457,2466.948201285599,2417.6987816592077,2438.42822265625,10366,0.0,0.0
2018-02-21 00:00:00+05:30,2419.9371061614156,2449.0390325074827,2419.9371061614156,2434.3984375,19881,0.0,0.0
2018-02-22 00:00:00+05:30,2434.5331124111426,2439.0551481881625,2417.6987220311867,2429.294677734375,9829,0.0,0.0
2018-02-23 00:00:00+05:30,2430.413880489468,2453.471561776207,2426.6530596917605,2450.919677734375,2975,0.0,0.0
2018-02-26 00:00:00+05:30,2470.4848413736736,2478.096114330168,2438.2488617932263,2450.203125,8308,0.0,0.0
2018-02-27 00:00:00+05:30,2440.9800155007097,2474.1114390419884,2440.9800155007097,2451.18798828125,6449,0.0,0.0
2018-02-28 00:00:00+05:30,2448.143967443973,2448.143967443973,2426.6981267409724,2438.78662109375,2512,0.0,0.0
2018-03-01 00:00:00+05:30,2449.9346049662495,2462.470820050141,2426.6530626675935,2436.189453125,10466,0.0,0.0
2018-03-05 00:00:00+05:30,2427.548426456924,2455.7100935463495,2427.548426456924,2436.144775390625,18141,0.0,0.0
2018-03-06 00:00:00+05:30,2436.1446952743527,2646.0366522582135,2436.1446952743527,2472.634033203125,54499,0.0,0.0
2018-03-07 00:00:00+05:30,2489.334155947409,2489.334155947409,2440.0847391930533,2447.78564453125,8348,0.0,0.0
2018-03-08 00:00:00+05:30,2425.399698181142,2469.142006274356,2425.399698181142,2442.54736328125,10762,0.0,0.0
2018-03-09 00:00:00+05:30,2453.471416508796,2462.4258553132695,2435.5625388998496,2443.4873046875,3598,0.0,0.0
2018-03-12 00:00:00+05:30,2474.872596150483,2474.872596150483,2438.6517171770774,2458.306884765625,63508,0.0,0.0
2018-03-13 00:00:00+05:30,2449.0841023272446,2456.919237155781,2421.2805230128447,2423.340087890625,8989,0.0,0.0
2018-03-14 00:00:00+05:30,2418.593744567995,2432.0254017944003,2399.789424451028,2403.416015625,16204,0.0,0.0
2018-03-15 00:00:00+05:30,2426.6531166644727,2465.9184215145024,2407.848793620209,2444.338134765625,37650,0.0,0.0
2018-03-16 00:00:00+05:30,2466.9480212648596,2466.9480212648596,2296.8136749707314,2330.392822265625,58527,0.0,0.0
2018-03-19 00:00:00+05:30,2357.7035279907877,2357.7035279907877,2258.5331270318134,2267.174072265625,9005,0.0,0.0
2018-03-20 00:00:00+05:30,2260.99558507371,2287.858898955774,2258.533114634521,2277.78515625,5301,0.0,0.0
2018-03-21 00:00:00+05:30,2273.57708970988,2295.0229293888488,2258.533587066338,2268.786376953125,9441,0.0,0.0
2018-03-22 00:00:00+05:30,2269.8609556229067,2282.4419878088597,2254.4145462998827,2263.18994140625,3243,0.0,0.0
2018-03-23 00:00:00+05:30,2239.505422918979,2272.636850607105,2239.505422918979,2265.65234375,13683,0.0,0.0
2018-03-26 00:00:00+05:30,2248.504700157485,2429.11571125348,2248.504700157485,2386.403076171875,29315,0.0,0.0
2018-03-27 00:00:00+05:30,2390.5668033636516,2394.327624441251,2339.929401434731,2346.73486328125,9121,0.0,0.0
2018-03-28 00:00:00+05:30,2340.6902414852693,2408.743974596547,2256.5185189528993,2385.91015625,17847,0.0,0.0
2018-04-02 00:00:00+05:30,2379.642032201969,2392.7601971633394,2310.289949718212,2348.614990234375,12403,0.0,0.0
2018-04-03 00:00:00+05:30,2328.1987952463073,2359.494513668709,2321.0352445406716,2347.6298828125,2516,0.0,0.0
2018-04-04 00:00:00+05:30,2358.599442702404,2372.0311023988866,2332.6315672892033,2344.003662109375,5817,0.0,0.0
2018-04-05 00:00:00+05:30,2358.5997364453347,2360.3906246279053,2338.9895982919,2350.093017578125,30267,0.0,0.0
2018-04-06 00:00:00+05:30,2368.4489306010587,2370.2398182612487,2351.4354978292554,2364.956787109375,63025,0.0,0.0
2018-04-09 00:00:00+05:30,2388.148958105813,2388.148958105813,2340.242707915089,2364.106201171875,3757,0.0,0.0
2018-04-10 00:00:00+05:30,2356.8531977556527,2372.030928376323,2327.21391675418,2356.71875,6541,0.0,0.0
2018-04-11 00:00:00+05:30,2363.031986691605,2372.9715029016306,2330.2588662588955,2354.7939453125,24319,0.0,0.0
2018-04-12 00:00:00+05:30,2354.122150971196,2372.926473972487,2354.122150971196,2360.658935546875,1831,0.0,0.0
2018-04-13 00:00:00+05:30,2380.80642447683,2380.80642447683,2355.017594923638,2360.658935546875,2070,0.0,0.0
2018-04-16 00:00:00+05:30,2364.688800739317,2376.508619025177,2351.6152295566917,2365.270751953125,2912,0.0,0.0
2018-04-17 00:00:00+05:30,2363.9721318637653,2377.4037917039,2363.9721318637653,2372.2998046875,2665,0.0,0.0
2018-04-18 00:00:00+05:30,2381.8363287987277,2381.8363287987277,2363.972263936155,2370.73291015625,8254,0.0,0.0
2018-04-19 00:00:00+05:30,2372.031124028003,2373.284658165404,2338.2281134836253,2346.287109375,4887,0.0,0.0
2018-04-20 00:00:00+05:30,2350.540654661475,2359.5399111764623,2338.183482925543,2346.9140625,4364,0.0,0.0
2018-04-23 00:00:00+05:30,2332.676280266454,2347.540518506028,2328.154244645352,2330.30322265625,6957,0.0,0.0
2018-04-24 00:00:00+05:30,2330.303484642379,2364.733482907136,2330.303484642379,2351.12255859375,23508,0.0,0.0
2018-04-25 00:00:00+05:30,2351.928446369332,2369.3447881832017,2346.555782450549,2354.525146484375,13103,0.0,0.0
2018-04-26 00:00:00+05:30,2376.2399147443202,2376.2399147443202,2339.168617225438,2351.16748046875,26690,0.0,0.0
2018-04-27 00:00:00+05:30,2338.093474209859,2380.0897024316073,2338.093474209859,2369.299560546875,59293,0.0,0.0
2018-04-30 00:00:00+05:30,2368.449463570065,2449.039426413659,2368.449463570065,2422.758056640625,10759,0.0,0.0
2018-05-02 00:00:00+05:30,2422.7576568260456,2435.3386871166363,2396.2078331163193,2417.698486328125,11714,0.0,0.0
2018-05-03 00:00:00+05:30,2394.6855485343212,2426.473805431755,2375.478321540266,2399.565673828125,26679,0.0,0.0
2018-05-04 00:00:00+05:30,2375.6576264994656,2414.2511297583396,2371.180406728303,2386.671630859375,6282,0.0,0.0
2018-05-07 00:00:00+05:30,2380.135023080645,2403.99851878796,2374.001144092794,2398.357177734375,4474,0.0,0.0
2018-05-08 00:00:00+05:30,2408.2963542038347,2408.2963542038347,2373.8217642663562,2383.358154296875,27393,0.0,0.0
2018-05-09 00:00:00+05:30,2372.9263177366697,2379.1944249910684,2364.8673226953,2373.060546875,11316,0.0,0.0
2018-05-10 00:00:00+05:30,2364.9127149297037,2377.314484708186,2364.9127149297037,2372.882080078125,7487,0.0,0.0
2018-05-11 00:00:00+05:30,2373.060960368493,2378.3890273545053,2364.8677347611665,2374.53857421875,1889,0.0,0.0
2018-05-14 00:00:00+05:30,2399.78979476461,2399.78979476461,2337.3325790240015,2341.048583984375,6753,0.0,0.0
2018-05-15 00:00:00+05:30,2362.897385474758,2362.897385474758,2328.1093028316036,2358.420166015625,15276,0.0,0.0
2018-05-16 00:00:00+05:30,2346.8243961926432,2371.672966148088,2303.126687106705,2359.58447265625,3006,0.0,0.0
2018-05-17 00:00:00+05:30,2339.6610572759414,2467.843784699514,2333.0794561083394,2444.875732421875,14209,0.0,0.0
2018-05-18 00:00:00+05:30,2444.8757141591786,2551.9706898285444,2440.085001114953,2473.485107421875,59428,0.0,0.0
2018-05-21 00:00:00+05:30,2473.2605910811703,2474.737985905229,2408.743821579589,2436.9951171875,7388,0.0,0.0
2018-05-22 00:00:00+05:30,2426.6533449388585,2614.696593070652,2426.6533449388585,2574.401611328125,763720,0.0,0.0
2018-05-23 00:00:00+05:30,2554.298686421114,2614.875382267045,2492.557869715909,2562.58154296875,295868,0.0,0.0
2018-05-24 00:00:00+05:30,2535.13605003545,2559.7161613392077,2470.305995541076,2483.782470703125,9693,0.0,0.0
2018-05-25 00:00:00+05:30,2489.3338453767915,2550.224025767303,2481.453895956353,2503.0341796875,10367,0.0,0.0
2018-05-28 00:00:00+05:30,2499.2287440585555,2543.060679297545,2489.3340452278785,2498.467529296875,7047,0.0,0.0
2018-05-29 00:00:00+05:30,2517.8090858359874,2517.8090858359874,2466.9478309345286,2476.842529296875,3554,0.0,0.0
2018-05-30 00:00:00+05:30,2462.5609665904744,2529.450598760171,2444.607268227112,2474.78369140625,10298,0.0,0.0
2018-05-31 00:00:00+05:30,2504.5562708035586,2520.674258960321,2471.78294077246,2480.33447265625,9574,0.0,0.0
2018-06-01 00:00:00+05:30,2486.200196010906,2515.794663100643,2456.695360764349,2491.61767578125,6880,0.0,0.0
2018-06-04 00:00:00+05:30,2489.3335465540395,2511.71963959859,2480.423925245146,2494.88525390625,24765,0.0,0.0
2018-06-05 00:00:00+05:30,2494.7068916265844,2494.7068916265844,2446.352917417024,2455.08349609375,3688,0.0,0.0
2018-06-06 00:00:00+05:30,2471.3805144549997,2498.33346510516,2443.4875225379424,2473.9326171875,8238,0.0,0.0
2018-06-07 00:00:00+05:30,2495.8713426129607,2516.1978796258727,2463.545723688782,2482.2158203125,7173,0.0,0.0
2018-06-08 00:00:00+05:30,2503.6613929263776,2611.06985567045,2472.2760373930582,2571.849365234375,37221,0.0,0.0
2018-06-11 00:00:00+05:30,2574.893592417207,2621.859578368345,2565.536247959057,2577.40087890625,15263,0.0,0.0
2018-06-12 00:00:00+05:30,2585.1916583935404,2673.6167538885024,2585.1916583935404,2641.0224609375,41600,0.0,0.0
2018-06-13 00:00:00+05:30,2637.0824534554663,2690.8090908773097,2606.637358916422,2626.4267578125,17899,0.0,0.0
2018-06-14 00:00:00+05:30,2635.2466328796295,2662.6473041966224,2606.592427524024,2628.217529296875,8802,0.0,0.0
2018-06-15 00:00:00+05:30,2654.0507640967494,2704.2404357749538,2625.3517448882803,2687.0927734375,100459,0.0,0.0
2018-06-18 00:00:00+05:30,2703.9271933755695,2826.244922455292,2703.3004263433386,2784.427734375,72721,0.0,0.0
2018-06-19 00:00:00+05:30,2784.8309856398914,2820.648747513073,2749.0132237667094,2781.8759765625,95717,0.0,0.0
2018-06-20 00:00:00+05:30,2784.7412547959566,2816.1714271680844,2775.8764464931833,2799.605712890625,29896,0.0,0.0
2018-06-21 00:00:00+05:30,2800.052928008524,2903.0289710916645,2800.052928008524,2877.419189453125,81188,0.0,0.0
2018-06-22 00:00:00+05:30,2877.060838676879,2893.9846385175324,2816.1706621969447,2837.30322265625,37577,0.0,0.0
2018-06-25 00:00:00+05:30,2835.736821581532,2908.4020122434536,2776.9059779079903,2803.00830078125,31627,0.0,0.0
2018-06-26 00:00:00+05:30,2798.2174298848454,2834.0800025499125,2744.7594716638605,2757.2060546875,13290,0.0,0.0
2018-06-27 00:00:00+05:30,2770.45890453044,2770.45890453044,2626.3372372620447,2662.24462890625,24516,0.0,0.0
2018-06-28 00:00:00+05:30,2663.900843847234,2663.900843847234,2560.9696090523985,2581.83349609375,15116,0.0,0.0
2018-06-29 00:00:00+05:30,2596.7872434316905,2655.349185544769,2574.401146505555,2581.02734375,18584,0.0,0.0
2018-07-02 00:00:00+05:30,2596.697413836237,2627.5008120291777,2569.0731035017643,2582.7734375,13147,0.0,0.0
2018-07-03 00:00:00+05:30,2596.742558404554,2627.2772835966052,2552.910622136665,2593.115966796875,16455,0.0,0.0
2018-07-04 00:00:00+05:30,2609.4579351167054,2668.423007475925,2583.8483689651835,2650.06640625,16920,0.0,0.0
2018-07-05 00:00:00+05:30,2665.0430466760863,2673.121596695605,2646.8888024889197,2656.692138671875,10390,40.0,0.0
2018-07-06 00:00:00+05:30,2668.628819674005,2682.7892206626693,2655.0585646653844,2674.256591796875,10368,0.0,0.0
2018-07-09 00:00:00+05:30,2678.704538144391,2759.4455062504526,2678.704538144391,2733.984130859375,12925,0.0,0.0
2018-07-10 00:00:00+05:30,2781.139909670149,2781.139909670149,2714.513908729994,2749.642333984375,12722,0.0,0.0
2018-07-11 00:00:00+05:30,2723.1372058103434,2765.1189043999198,2721.4126408904526,2722.683349609375,9747,0.0,0.0
2018-07-12 00:00:00+05:30,2723.183075346896,2738.5687587214907,2704.5749681033462,2719.143798828125,11901,0.0,0.0
2018-07-13 00:00:00+05:30,2719.143479998264,2750.050911361906,2706.8893620308163,2722.002685546875,12099,0.0,0.0
2018-07-16 00:00:00+05:30,2723.137207913104,2744.604517591696,2659.6881996125176,2670.67138671875,10207,0.0,0.0
2018-07-17 00:00:00+05:30,2665.043332879588,2762.1685497113713,2656.3746360273844,2700.8525390625,26399,0.0,0.0
2018-07-18 00:00:00+05:30,2718.5530961789295,2723.1370879321744,2689.5517305143444,2709.657470703125,14750,0.0,0.0
2018-07-19 00:00:00+05:30,2714.059837475112,2716.283688337775,2647.0706239205583,2678.43212890625,7385,0.0,0.0
2018-07-20 00:00:00+05:30,2694.907310676496,2838.2806644680486,2646.0725598481317,2741.29150390625,95199,0.0,0.0
2018-07-23 00:00:00+05:30,2754.9072960187145,2832.0628545563063,2732.214484684129,2766.162841796875,59064,0.0,0.0
2018-07-24 00:00:00+05:30,2759.445518176972,2765.799504567511,2695.134010137518,2708.43212890625,13738,0.0,0.0
2018-07-25 00:00:00+05:30,2708.5681777220398,2759.4454984210693,2677.7513882704457,2687.010009765625,16303,0.0,0.0
2018-07-26 00:00:00+05:30,2694.090927689153,2704.983478609729,2676.798958780835,2696.1787109375,65122,0.0,0.0
2018-07-27 00:00:00+05:30,2703.757234236735,2758.49233187798,2686.8284879815787,2715.33056640625,33875,0.0,0.0
2018-07-30 00:00:00+05:30,2714.9223147559665,2714.9223147559665,2665.179631714781,2673.984619140625,10130,0.0,0.0
2018-07-31 00:00:00+05:30,2677.751390291972,2682.2899519704324,2632.365773507362,2636.359619140625,10584,0.0,0.0
2018-08-01 00:00:00+05:30,2641.443053902856,2707.4791302504273,2641.443053902856,2663.908935546875,10362,0.0,0.0
2018-08-02 00:00:00+05:30,2691.367366063256,2703.1221977583987,2641.216254098671,2674.166259765625,3599,0.0,0.0
2018-08-03 00:00:00+05:30,2650.6561355905606,2718.5530638303094,2650.6561355905606,2705.164306640625,8579,0.0,0.0
2018-08-06 00:00:00+05:30,2723.1371578754192,2723.1371578754192,2688.6440872089975,2704.98291015625,19633,0.0,0.0
2018-08-07 00:00:00+05:30,2721.7759161818435,2721.7759161818435,2673.2587276473414,2704.393310546875,15429,0.0,0.0
2018-08-08 00:00:00+05:30,2722.6832842480508,2741.019030005107,2697.7211937940347,2705.93603515625,12292,0.0,0.0
2018-08-09 00:00:00+05:30,2711.609338553193,2745.7846222951052,2681.3824708463344,2697.99365234375,10329,0.0,0.0
2018-08-10 00:00:00+05:30,2766.7073534019755,2766.7073534019755,2701.0342736103426,2720.051025390625,13902,0.0,0.0
2018-08-13 00:00:00+05:30,2726.7681667823736,2739.476140928496,2682.5171853806955,2711.064697265625,10183,0.0,0.0
2018-08-14 00:00:00+05:30,2723.0461101943506,2741.291216537604,2711.336709866829,2718.552978515625,3425,0.0,0.0
2018-08-16 00:00:00+05:30,2726.7681359502053,2740.7016103752344,2701.3521879453433,2707.025390625,16695,0.0,0.0
2018-08-17 00:00:00+05:30,2723.136873555212,2735.52705768611,2701.4878467666695,2705.52734375,7437,0.0,0.0
2018-08-20 00:00:00+05:30,2707.751765651096,2765.7999345938097,2707.751765651096,2729.536865234375,9395,0.0,0.0
2018-08-21 00:00:00+05:30,2727.67582726857,2758.2656915586385,2711.4278635635737,2744.92236328125,10182,0.0,0.0
2018-08-23 00:00:00+05:30,2744.8768391873264,2764.8919417216175,2724.952596535882,2740.519775390625,41216,0.0,0.0
2018-08-24 00:00:00+05:30,2740.3835684823684,2740.3835684823684,2686.828540148331,2690.1416015625,21770,0.0,0.0
2018-08-27 00:00:00+05:30,2701.3521882166747,2730.3989859394346,2695.905913643657,2722.093505859375,39253,0.0,0.0
2018-08-28 00:00:00+05:30,2714.0602927963637,2732.2145422465064,2704.1208855443083,2725.49755859375,15457,0.0,0.0
2018-08-29 00:00:00+05:30,2718.5985444198045,2851.124550257965,2714.059982576032,2820.4892578125,45389,0.0,0.0
2018-08-30 00:00:00+05:30,2832.062763497043,2878.356097131129,2783.046292590363,2839.324462890625,17488,0.0,0.0
2018-08-31 00:00:00+05:30,2836.6014219169792,2914.6646930481343,2818.4471728167105,2829.566650390625,29559,0.0,0.0
2018-09-03 00:00:00+05:30,2845.678479570274,2863.8327282437685,2747.6455367334033,2758.5380859375,14190,0.0,0.0
2018-09-04 00:00:00+05:30,2767.6146979556893,2768.5224102213356,2717.781383215481,2757.67529296875,15424,0.0,0.0
2018-09-05 00:00:00+05:30,2767.6154020721297,2791.215926983207,2695.906114842317,2730.353759765625,14652,0.0,0.0
2018-09-06 00:00:00+05:30,2751.2762168128625,2797.569548075632,2751.2762168128625,2778.462158203125,13048,0.0,0.0
2018-09-07 00:00:00+05:30,2813.9083961035385,2877.4028331711424,2792.168728784568,2825.390869140625,18765,0.0,0.0
2018-09-10 00:00:00+05:30,2832.108136142719,2845.6329623458487,2750.368589675517,2765.073486328125,15635,0.0,0.0
2018-09-11 00:00:00+05:30,2761.26139665906,2794.846758814348,2739.476296882657,2778.281005859375,40458,0.0,0.0
2018-09-12 00:00:00+05:30,2773.061226106397,2788.492336038904,2768.522664361542,2783.635986328125,22039,0.0,0.0
2018-09-14 00:00:00+05:30,2814.8160382997626,2852.486101372784,2805.421126696802,2828.74951171875,13530,0.0,0.0
2018-09-17 00:00:00+05:30,2835.511851970782,2871.9564137774446,2804.8765604962477,2817.902099609375,19538,0.0,0.0
2018-09-18 00:00:00+05:30,2818.4471439202403,2833.6513273858327,2760.3535473949923,2779.914794921875,5507,0.0,0.0
2018-09-19 00:00:00+05:30,2779.9148380750785,2803.9237883148276,2769.4307148425187,2781.185546875,13888,0.0,0.0
2018-09-21 00:00:00+05:30,2782.320095895515,2827.5242192278597,2224.984663919301,2815.134033203125,120042,0.0,0.0
2018-09-24 00:00:00+05:30,2769.430275196296,2815.133678935499,2768.5225628805974,2797.977783203125,47597,0.0,0.0
2018-09-25 00:00:00+05:30,2741.4727680983424,2819.354531281785,2741.4727680983424,2796.480224609375,54530,0.0,0.0
2018-09-26 00:00:00+05:30,2785.088891935099,2822.8498207661387,2741.291763592927,2810.141845703125,35026,0.0,0.0
2018-09-27 00:00:00+05:30,2784.861890547877,2828.9768057498964,2778.64397141182,2805.69384765625,36835,0.0,0.0
2018-09-28 00:00:00+05:30,2813.9086561860336,2841.1400302781562,2775.784732457061,2808.053955078125,89896,0.0,0.0
2018-10-01 00:00:00+05:30,2799.384916210044,2799.384916210044,2677.1161057285995,2690.55029296875,10454,0.0,0.0
2018-10-03 00:00:00+05:30,2719.5067758945515,2756.0422057108917,2665.9517359153197,2728.26611328125,11542,0.0,0.0
2018-10-04 00:00:00+05:30,2734.02955984197,2734.02955984197,2640.3082610193655,2659.642578125,20985,0.0,0.0
2018-10-05 00:00:00+05:30,2650.520201382029,2686.783267349591,2359.7344461242906,2453.592041015625,17445,0.0,0.0
2018-10-08 00:00:00+05:30,2485.3163239158603,2485.3163239158603,2237.5562913156054,2287.48046875,112609,0.0,0.0
2018-10-09 00:00:00+05:30,2261.247429777439,2356.4211540138026,2253.3503770115326,2280.21875,33174,0.0,0.0
2018-10-10 00:00:00+05:30,2280.6270745953793,2405.1651535110977,2280.6270745953793,2373.486083984375,12090,0.0,0.0
2018-10-11 00:00:00+05:30,2280.8543198678285,2428.94750842489,2280.8543198678285,2360.09765625,7515,0.0,0.0
2018-10-12 00:00:00+05:30,2377.2989492508796,2445.967308683002,2373.7135293308756,2392.14013671875,5835,0.0,0.0
2018-10-15 00:00:00+05:30,2393.7281440356655,2416.920015519588,2360.0519297785104,2370.672119140625,15386,0.0,0.0
2018-10-16 00:00:00+05:30,2370.672640510001,2406.3457853081773,2364.7270794420565,2383.380615234375,17831,0.0,0.0
2018-10-17 00:00:00+05:30,2396.360975319522,2400.854107826347,2323.743976067415,2339.084228515625,5050,0.0,0.0
2018-10-19 00:00:00+05:30,2340.9903321096754,2385.7405987553425,2310.3550379225094,2362.6845703125,17232,0.0,0.0
2018-10-22 00:00:00+05:30,2365.543816608642,2423.501117253414,2343.8041501244224,2385.8310546875,64141,0.0,0.0
2018-10-23 00:00:00+05:30,2382.6998122754067,2449.9159652397666,2305.1358257600546,2383.8798828125,7735,0.0,0.0
2018-10-24 00:00:00+05:30,2362.774967108106,2441.7459322016157,2362.774967108106,2392.321044921875,6307,0.0,0.0
2018-10-25 00:00:00+05:30,2378.20641623759,2415.42262351459,2315.1658362817348,2406.70849609375,47285,0.0,0.0
2018-10-26 00:00:00+05:30,2427.903813138102,2427.903813138102,2393.6376690326856,2398.720947265625,15488,0.0,0.0
2018-10-29 00:00:00+05:30,2398.6752492140045,2462.578108262567,2396.4513983392158,2449.370849609375,7316,0.0,0.0
2018-10-30 00:00:00+05:30,2428.2666267530926,2495.3012730598343,2414.5148731681193,2482.048583984375,6168,0.0,0.0
2018-10-31 00:00:00+05:30,2496.0273920344507,2557.933328188957,2463.53124652407,2550.2177734375,47145,0.0,0.0
2018-11-01 00:00:00+05:30,2555.074580835481,2582.9867397906273,2498.1608306539774,2553.486083984375,96107,0.0,0.0
2018-11-02 00:00:00+05:30,2564.287553515931,2591.4734958233466,2550.6718673910677,2555.255859375,3935,0.0,0.0
2018-11-05 00:00:00+05:30,2548.7651826759106,2581.533684117379,2523.48552903726,2571.957275390625,4835,0.0,0.0
2018-11-06 00:00:00+05:30,2557.751783494002,2557.751783494002,2534.332761646865,2540.732177734375,2250,0.0,0.0
2018-11-07 00:00:00+05:30,2540.686902806178,2576.723039277928,2532.5174915431357,2560.066650390625,537,0.0,0.0
2018-11-09 00:00:00+05:30,2541.640330646558,2573.3648369602015,2533.425488520608,2546.26953125,1883,0.0,0.0
2018-11-12 00:00:00+05:30,2534.3329432293112,2571.5491504902,2534.3329432293112,2540.822998046875,1848,0.0,0.0
2018-11-13 00:00:00+05:30,2540.6870631425354,2630.459732821287,2519.4466811619836,2590.747314453125,33399,0.0,0.0
2018-11-14 00:00:00+05:30,2629.552151641156,2690.459746696329,2586.980525669547,2655.285888671875,18138,0.0,0.0
2018-11-15 00:00:00+05:30,2650.5203463466746,2712.2447927684466,2650.5203463466746,2681.83642578125,8054,0.0,0.0
2018-11-16 00:00:00+05:30,2686.87394540066,3010.019537125138,2681.836097612277,2842.592041015625,379004,0.0,0.0
2018-11-19 00:00:00+05:30,2833.877947521001,2893.7869624269542,2776.6920696562274,2795.98095703125,13716,0.0,0.0
2018-11-20 00:00:00+05:30,2769.4300273814497,2792.9851155441743,2723.1367034232544,2746.41943359375,10365,0.0,0.0
2018-11-21 00:00:00+05:30,2745.6485560257793,2779.415413527272,2703.167570700267,2729.44580078125,12621,0.0,0.0
2018-11-22 00:00:00+05:30,2747.554117511561,2773.9686325979396,2723.136746660281,2746.828125,8040,0.0,0.0
2018-11-26 00:00:00+05:30,2736.888763233447,2763.938635187775,2682.4260230339105,2725.769287109375,9604,0.0,0.0
2018-11-27 00:00:00+05:30,2725.860170557327,2742.1535628193524,2705.890498978152,2718.916259765625,3793,0.0,0.0
2018-11-28 00:00:00+05:30,2734.892177208855,2740.383881843821,2701.624604617281,2714.1962890625,4002,0.0,0.0
2018-11-29 00:00:00+05:30,2725.9509755671156,2750.368348499118,2716.238276388812,2743.197509765625,6577,0.0,0.0
2018-11-30 00:00:00+05:30,2743.1067388685487,2750.1869395647545,2704.982819929939,2723.86328125,15452,0.0,0.0
2018-12-03 00:00:00+05:30,2753.9992669581593,2753.9992669581593,2701.351950714398,2716.6015625,8007,0.0,0.0
2018-12-04 00:00:00+05:30,2723.0460136823153,2723.0460136823153,2691.4578032366317,2705.52734375,3535,0.0,0.0
2018-12-05 00:00:00+05:30,2699.355376152789,2757.6304721575925,2665.134660500908,2695.40673828125,7823,0.0,0.0
2018-12-06 00:00:00+05:30,2668.7200424189477,2732.2144841999702,2634.181539251931,2695.951416015625,6554,0.0,0.0
2018-12-07 00:00:00+05:30,2700.489547088817,2722.8191369069878,2656.011643982792,2709.521240234375,2721,0.0,0.0
2018-12-10 00:00:00+05:30,2695.860359749187,2695.860359749187,2652.5625232063558,2668.492919921875,4575,0.0,0.0
2018-12-11 00:00:00+05:30,2668.4476491883056,2688.644251006297,2641.534063948798,2659.96044921875,4380,0.0,0.0
2018-12-12 00:00:00+05:30,2663.7271968577593,2707.251957689673,2633.273404612822,2701.76025390625,7284,0.0,0.0
2018-12-13 00:00:00+05:30,2691.9116042931432,2724.0445300997267,2691.9116042931432,2722.047607421875,34210,0.0,0.0
2018-12-14 00:00:00+05:30,2720.4591898824897,2736.7525813267075,2677.7512818951204,2685.3759765625,6481,0.0,0.0
2018-12-17 00:00:00+05:30,2720.3689111942313,2720.3689111942313,2679.9302753148345,2686.60205078125,14350,0.0,0.0
2018-12-18 00:00:00+05:30,2677.706246281461,2677.706246281461,2642.3508913528613,2650.429443359375,10883,0.0,0.0
2018-12-19 00:00:00+05:30,2660.6409535186026,2704.0750779051737,2648.477696729715,2661.41259765625,23798,0.0,0.0
2018-12-20 00:00:00+05:30,2651.7001107920805,2702.441142100265,2651.4277527674053,2695.179443359375,4159,0.0,0.0
2018-12-21 00:00:00+05:30,2677.796973122059,2714.060038681546,2645.981609617628,2668.94677734375,40029,0.0,0.0
2018-12-24 00:00:00+05:30,2683.561279092123,2691.3676956220474,2650.5206311016454,2666.723388671875,48668,0.0,0.0
2018-12-26 00:00:00+05:30,2650.565065389041,2654.014416085836,2485.9513685637235,2595.5576171875,116124,0.0,0.0
2018-12-27 00:00:00+05:30,2606.9501191096383,2712.9709760749906,2606.0878366163697,2677.797119140625,59145,0.0,0.0
2018-12-28 00:00:00+05:30,2673.0313873719388,2723.046205167623,2655.0586384207368,2664.09033203125,10438,0.0,0.0
2018-12-31 00:00:00+05:30,2674.5742277294094,2723.136834613347,2668.6740979210804,2677.751220703125,29552,0.0,0.0
2019-01-01 00:00:00+05:30,2694.0448773055678,2695.905731981185,2655.0586754360156,2677.7060546875,56276,0.0,0.0
2019-01-02 00:00:00+05:30,2659.7332465350246,2694.090247533643,2655.0586165889167,2677.84228515625,15693,0.0,0.0
2019-01-03 00:00:00+05:30,2694.363077933887,2709.521832473733,2668.629339725387,2702.487060546875,25184,0.0,0.0
2019-01-04 00:00:00+05:30,2686.8739400128443,2723.1370034536103,2675.935962060414,2679.2490234375,16159,0.0,0.0
2019-01-07 00:00:00+05:30,2656.0121505162083,2712.108826188497,2656.0121505162083,2681.201171875,4452,0.0,0.0
2019-01-08 00:00:00+05:30,2680.4751232144204,2704.0302192404415,2677.751985601944,2682.698974609375,6335,0.0,0.0
2019-01-09 00:00:00+05:30,2689.2792877959023,2700.444193826724,2677.2975293082095,2678.795166015625,5980,0.0,0.0
2019-01-10 00:00:00+05:30,2722.229194120962,2750.368275487334,2679.884503869862,2695.860107421875,14544,0.0,0.0
2019-01-11 00:00:00+05:30,2695.905692806995,2750.3684340758227,2677.751445717385,2729.808837890625,8073,0.0,0.0
2019-01-14 00:00:00+05:30,2746.78309794414,2824.8009328571675,2722.2294336885107,2730.98876953125,25939,0.0,0.0
2019-01-15 00:00:00+05:30,2735.8904438230174,2763.8025984935302,2714.014487616327,2721.639404296875,7811,0.0,0.0
2019-01-16 00:00:00+05:30,2723.500120659692,2739.4759470996864,2677.751505614339,2685.421630859375,5828,0.0,0.0
2019-01-17 00:00:00+05:30,2688.6896683848154,2718.598748862593,2650.520316086401,2677.797119140625,61769,0.0,0.0
2019-01-18 00:00:00+05:30,2702.2143346534117,2712.244600808953,2679.657814898175,2687.191650390625,5107,0.0,0.0
2019-01-21 00:00:00+05:30,2682.8800190265683,2723.001083685459,2678.6592450849116,2688.099365234375,11792,0.0,0.0
2019-01-22 00:00:00+05:30,2697.5853512959134,2713.1525312741837,2659.370568250432,2684.060302734375,28214,0.0,0.0
2019-01-23 00:00:00+05:30,2687.9180018156762,2705.8907522410177,2677.751666927542,2692.864990234375,17908,0.0,0.0
2019-01-24 00:00:00+05:30,2697.675784523389,2702.259776400144,2661.094931001319,2668.492919921875,39805,0.0,0.0
2019-01-25 00:00:00+05:30,2694.952701850601,2694.952701850601,2596.0574795982884,2597.69140625,11730,0.0,0.0
2019-01-28 00:00:00+05:30,2596.0573569191342,2641.3975451070705,2560.656574779328,2590.1572265625,28941,0.0,0.0
2019-01-29 00:00:00+05:30,2591.5193036641263,2591.5193036641263,2564.287927443487,2582.351318359375,52299,0.0,0.0
2019-01-30 00:00:00+05:30,2584.983469923126,2627.4644554340575,2579.0833392024265,2589.3857421875,10198,0.0,0.0
2019-01-31 00:00:00+05:30,2574.317654384974,2613.939209816313,2555.210265096728,2584.302490234375,28439,0.0,0.0
2019-02-01 00:00:00+05:30,2586.9803034843812,2655.921014969378,2586.9803034843812,2601.412841796875,16406,0.0,0.0
2019-02-04 00:00:00+05:30,2592.8804621520458,2768.5228109797795,2592.8804621520458,2717.237060546875,583619,0.0,0.0
2019-02-05 00:00:00+05:30,2712.244688820334,2800.5197209447574,2636.0422761052587,2658.32666015625,13382,0.0,0.0
2019-02-06 00:00:00+05:30,2654.2417914175257,2727.675632445912,2654.2417914175257,2717.917724609375,86499,0.0,0.0
2019-02-07 00:00:00+05:30,2711.0644720519817,2886.4798863183128,2711.0190421119087,2829.203369140625,550055,0.0,0.0
2019-02-08 00:00:00+05:30,2832.062528690324,2885.4814890691805,2813.5904937456276,2842.501220703125,16906,0.0,0.0
2019-02-11 00:00:00+05:30,2866.964359215281,2866.964359215281,2810.096262552484,2829.566650390625,74757,0.0,0.0
2019-02-12 00:00:00+05:30,2829.5665697682202,2829.5665697682202,2783.9540202034264,2814.226318359375,33654,0.0,0.0
2019-02-14 00:00:00+05:30,2832.06235218116,2883.7565229095003,2820.443590516989,2859.248291015625,15773,0.0,0.0
2019-02-15 00:00:00+05:30,2859.2941108384703,2886.525483322646,2839.0520796366704,2868.098876953125,72564,0.0,0.0
2019-02-18 00:00:00+05:30,2876.405153710082,2900.1417494948464,2723.137792952907,2729.355712890625,21499,0.0,0.0
2019-02-19 00:00:00+05:30,2724.0449527042624,2835.1942934069048,2723.046380405699,2819.309326171875,10738,0.0,0.0
2019-02-20 00:00:00+05:30,2813.954397922262,2898.235377110162,2758.992357467877,2867.6455078125,94549,0.0,0.0
2019-02-21 00:00:00+05:30,2867.4634036838916,2924.558423647802,2820.262360001852,2861.92626953125,20575,0.0,0.0
2019-02-22 00:00:00+05:30,2861.926753188803,2895.6029767661553,2836.60166219255,2860.111328125,9013,0.0,0.0
2019-02-25 00:00:00+05:30,2843.862820207101,2900.1864163942505,2814.816024724615,2846.54052734375,25970,0.0,0.0
2019-02-26 00:00:00+05:30,2743.3336823721324,2886.5253072854266,2743.3336823721324,2841.502685546875,58731,0.0,0.0
2019-02-27 00:00:00+05:30,2871.0945932929876,2885.617993069367,2834.7860938520394,2866.782958984375,16231,0.0,0.0
2019-02-28 00:00:00+05:30,2871.093979463971,2900.1407728066356,2859.293719668514,2872.954833984375,80990,0.0,0.0
2019-03-01 00:00:00+05:30,2873.0006429060704,2909.218279488992,2861.109521669049,2877.720703125,12820,0.0,0.0
2019-03-05 00:00:00+05:30,2877.7206188964547,2903.6810601454636,2861.1094379266997,2869.641845703125,23572,0.0,0.0
2019-03-06 00:00:00+05:30,2893.83281948902,2948.2501384052352,2872.183788172512,2922.925048828125,19548,0.0,0.0
2019-03-07 00:00:00+05:30,2922.833714765379,2993.635276800069,2922.833714765379,2972.16796875,63115,0.0,0.0
2019-03-08 00:00:00+05:30,2993.635240529446,2993.635240529446,2923.559893532697,2974.482421875,16530,0.0,0.0
2019-03-11 00:00:00+05:30,3008.1133606293324,3027.3116101974706,2980.11056701412,2992.455322265625,13466,0.0,0.0
2019-03-12 00:00:00+05:30,3027.129702499465,3073.377822111758,3000.715407169754,3034.800048828125,19409,0.0,0.0
2019-03-13 00:00:00+05:30,3049.9135921369907,3077.1449634953565,2997.947058461442,3011.562744140625,28254,0.0,0.0
2019-03-14 00:00:00+05:30,3049.9135969750964,3058.9907207756173,3010.9728245146475,3027.992431640625,10881,0.0,0.0
2019-03-15 00:00:00+05:30,3048.8698798403434,3064.482488780304,2995.4509165186387,3029.2177734375,49372,0.0,0.0
2019-03-18 00:00:00+05:30,3031.804415545298,3045.7376659416427,3004.663685672527,3014.96630859375,10156,0.0,0.0
2019-03-19 00:00:00+05:30,3019.0967969486715,3055.9497865026906,2973.711178082046,3047.598876953125,42551,0.0,0.0
2019-03-20 00:00:00+05:30,3018.4614388967525,3058.9907078510514,3018.4614388967525,3053.54443359375,22184,0.0,0.0
2019-03-22 00:00:00+05:30,3053.1814644470546,3075.7834141721282,3034.4370707457515,3056.22216796875,66853,0.0,0.0
2019-03-25 00:00:00+05:30,3061.7138333425182,3061.7138333425182,2955.0576295424157,2959.59619140625,19966,0.0,0.0
2019-03-26 00:00:00+05:30,2977.205820419396,2978.431320806603,2913.7568121262307,2950.292236328125,21102,0.0,0.0
2019-03-27 00:00:00+05:30,2990.8672398611443,3017.417830329089,2950.065607549399,2971.623779296875,45199,0.0,0.0
2019-03-28 00:00:00+05:30,2938.2651782420567,3449.307283694722,2938.2651782420567,3262.000732421875,240494,0.0,0.0
2019-04-01 00:00:00+05:30,3127.0690214841425,3135.374500778408,3032.757797694776,3042.787841796875,59859,0.0,0.0
2019-04-02 00:00:00+05:30,3063.528913607573,3131.6073339099635,3044.4215259874804,3107.598388671875,342322,0.0,0.0
2019-04-03 00:00:00+05:30,3108.9603403562523,3141.774054343563,3070.881850227951,3091.804443359375,130489,0.0,0.0
2019-04-04 00:00:00+05:30,3116.1764062592897,3116.1764062592897,2968.7185836435688,3019.187255859375,47065,0.0,0.0
2019-04-05 00:00:00+05:30,3041.7441616447054,3124.2551276990703,3024.089200313364,3042.152587890625,15422,0.0,0.0
2019-04-08 00:00:00+05:30,3045.511508231254,3069.7928176261867,2982.107923019905,3011.245361328125,15427,0.0,0.0
2019-04-09 00:00:00+05:30,3010.8363438410815,3046.2825543571457,2969.036147067419,2981.335693359375,37279,0.0,0.0
2019-04-10 00:00:00+05:30,3008.748714980348,3038.9755811871105,2972.7580081966535,2999.762451171875,14305,0.0,0.0
2019-04-11 00:00:00+05:30,2999.1725700294623,3037.750346264713,2976.888186729324,3001.033203125,17982,0.0,0.0
2019-04-12 00:00:00+05:30,3031.75956801268,3035.88970396166,2992.591864632597,2995.632568359375,21177,0.0,0.0
2019-04-15 00:00:00+05:30,3011.789982883391,3026.2679524936784,2981.83547129956,3005.52685546875,13158,0.0,0.0
2019-04-16 00:00:00+05:30,3012.606083087105,3022.3187814019575,2989.641140562429,2999.172119140625,16358,0.0,0.0
2019-04-18 00:00:00+05:30,3001.8049285621087,3018.0983219383356,2977.296693584432,2985.8291015625,30759,0.0,0.0
2019-04-22 00:00:00+05:30,2986.373608282959,3007.2964221096904,2958.1436657736435,2983.060546875,13356,0.0,0.0
2019-04-23 00:00:00+05:30,2982.6524396718405,3012.697812313098,2973.893102618496,2987.962646484375,26272,0.0,0.0
2019-04-24 00:00:00+05:30,2995.450704630635,3027.2206363464143,2989.142148226107,2995.859130859375,31159,0.0,0.0
2019-04-25 00:00:00+05:30,3019.868441204544,3020.867013536706,2951.2000834619034,2970.1259765625,27350,0.0,0.0
2019-04-26 00:00:00+05:30,2960.050271410929,2993.6356317427917,2952.1986474365976,2966.948974609375,14453,0.0,0.0
2019-04-30 00:00:00+05:30,2960.0503659103106,2969.2635588408752,2704.9831617334335,2801.20068359375,114146,0.0,0.0
2019-05-02 00:00:00+05:30,2801.1552703220364,2924.195740736381,2795.8452853043977,2908.81005859375,29569,0.0,0.0
2019-05-03 00:00:00+05:30,2904.997494356959,2941.169700859667,2882.032326106574,2896.873291015625,11171,0.0,0.0
2019-05-06 00:00:00+05:30,2895.602516958602,2911.9413399383056,2876.994413009495,2887.43310546875,10989,0.0,0.0
2019-05-07 00:00:00+05:30,2891.2454259613673,2898.960981184715,2875.632817360721,2884.75537109375,9918,0.0,0.0
2019-05-08 00:00:00+05:30,2860.201661376068,2885.20918134725,2795.84494335798,2815.95068359375,18724,0.0,0.0
2019-05-09 00:00:00+05:30,2815.9509401372065,2819.854147983188,2769.4306772048085,2789.4912109375,12622,0.0,0.0
2019-05-10 00:00:00+05:30,2812.955228555777,2813.908370874257,2755.860208642148,2778.462158203125,9168,0.0,0.0
2019-05-13 00:00:00+05:30,2778.41685831881,2854.9824896057107,2750.414063121604,2819.7177734375,15934,0.0,0.0
2019-05-14 00:00:00+05:30,2799.067075450481,2864.7401520540584,2777.4636989931532,2842.0927734375,11668,0.0,0.0
2019-05-15 00:00:00+05:30,2831.154698345869,2891.0637108789974,2792.304567108556,2873.2724609375,17830,0.0,0.0
2019-05-16 00:00:00+05:30,2892.8791206944725,2904.6793806784785,2861.9260424003373,2875.13330078125,15226,0.0,0.0
2019-05-17 00:00:00+05:30,2886.525297163492,3004.5279036513075,2881.0790230179,2978.839599609375,58762,0.0,0.0
2019-05-20 00:00:00+05:30,3025.405377678555,3075.329558828366,2962.001578974507,3018.824462890625,50034,0.0,0.0
2019-05-21 00:00:00+05:30,2997.266201380785,3049.9135180616104,2950.9728711959215,2999.3994140625,15920,0.0,0.0
2019-05-22 00:00:00+05:30,3020.730924969977,3021.7747056297208,2959.14254741751,2986.1015625,26297,0.0,0.0
2019-05-23 00:00:00+05:30,2995.496418253551,3037.1603297198985,2995.496418253551,3018.143798828125,68189,0.0,0.0
2019-05-24 00:00:00+05:30,3018.189166541011,3107.0995519935145,3018.189166541011,3085.768310546875,24461,0.0,0.0
2019-05-27 00:00:00+05:30,3108.642878822493,3176.993672732026,3104.3766744981513,3153.257080078125,43027,0.0,0.0
2019-05-28 00:00:00+05:30,3176.99332004847,3208.536325154666,3136.1462630764186,3189.474365234375,30618,0.0,0.0
2019-05-29 00:00:00+05:30,3189.4741866074974,3196.917383361432,3148.8540600046695,3183.43798828125,23639,0.0,0.0
2019-05-30 00:00:00+05:30,3195.1473537886154,3203.3167646363704,3131.60749163941,3186.206298828125,35029,0.0,0.0
2019-05-31 00:00:00+05:30,3213.302182895436,3220.5638827437874,3135.8288339945416,3173.725830078125,22538,0.0,0.0
2019-06-03 00:00:00+05:30,3198.7783761322926,3198.7783761322926,3149.7619083936024,3181.80419921875,47101,0.0,0.0
2019-06-04 00:00:00+05:30,3158.9748331595847,3266.6295992528635,3158.9748331595847,3180.033935546875,67310,0.0,0.0
2019-06-06 00:00:00+05:30,3180.0342499464364,3237.7191943140733,3180.0342499464364,3205.904052734375,30475,0.0,0.0
2019-06-07 00:00:00+05:30,3212.3486256060246,3326.76581338697,3188.294247964891,3276.251708984375,66933,0.0,0.0
2019-06-10 00:00:00+05:30,3277.7491231113318,3338.520417419268,3245.071480233456,3320.45703125,41366,0.0,0.0
2019-06-11 00:00:00+05:30,3309.6102874563408,3440.2300138502974,3277.2047773206205,3414.632568359375,42162,0.0,0.0
2019-06-12 00:00:00+05:30,3430.9710982901574,3443.8151390748244,3369.519018067456,3397.3857421875,24203,0.0,0.0
2019-06-13 00:00:00+05:30,3397.385959266694,3415.72170512378,3314.0579179928036,3327.628173828125,16157,0.0,0.0
2019-06-14 00:00:00+05:30,3317.6888463557766,3349.4587805890055,3267.7646639892737,3280.971923828125,13994,0.0,0.0
2019-06-17 00:00:00+05:30,3285.873932016911,3309.0206015556173,3200.5943840579707,3209.8984375,15831,0.0,0.0
2019-06-18 00:00:00+05:30,3217.976167429605,3316.7353098603994,3217.8400992285647,3236.085205078125,33954,0.0,0.0
2019-06-19 00:00:00+05:30,3258.687615886139,3291.365263287783,3215.480415677952,3248.88427734375,41689,0.0,0.0
2019-06-20 00:00:00+05:30,3240.5331326879236,3294.9958744137707,3219.655748359682,3273.982421875,31667,0.0,0.0
2019-06-21 00:00:00+05:30,3268.9895431513305,3347.642719597893,3256.190712005841,3298.08154296875,69388,0.0,0.0
2019-06-24 00:00:00+05:30,3298.626899914976,3321.319710178563,3242.348730461281,3271.35009765625,18104,0.0,0.0
2019-06-25 00:00:00+05:30,3267.719327493013,3312.242666634982,3240.5333844579027,3301.3046875,18228,0.0,0.0
2019-06-26 00:00:00+05:30,3305.7066599144086,3349.4583479423354,3272.302803342038,3296.81103515625,21442,0.0,0.0
2019-06-27 00:00:00+05:30,3288.914227134646,3344.738537084963,3259.5950736843756,3282.65087890625,45054,0.0,0.0
2019-06-28 00:00:00+05:30,3281.380207541752,3296.7204579041777,3254.5118328279145,3266.176025390625,25184,0.0,0.0
2019-07-01 00:00:00+05:30,3326.7657934360755,3326.7657934360755,3272.3030519337112,3306.3876953125,12823,0.0,0.0
2019-07-02 00:00:00+05:30,3321.3194103387127,3401.1980952553035,3293.906542336955,3385.040771484375,25615,0.0,0.0
2019-07-03 00:00:00+05:30,3381.2283706114695,3390.3054937540505,3340.7443127517768,3380.13916015625,92949,0.0,0.0
2019-07-04 00:00:00+05:30,3380.1399665226345,3403.831130610866,3353.997801313634,3369.06591796875,27677,0.0,0.0
2019-07-05 00:00:00+05:30,3369.065047821837,3388.671500457593,3249.655450913496,3269.398193359375,34693,0.0,0.0
2019-07-08 00:00:00+05:30,3268.6723543086982,3310.3816947911596,3140.6849058339617,3182.03125,52061,0.0,0.0
2019-07-09 00:00:00+05:30,3202.4092425120475,3307.658447529517,3162.515328158089,3284.875,43802,0.0,0.0
2019-07-10 00:00:00+05:30,3283.8306134526574,3294.995518622771,3229.7310954789496,3250.4267578125,19690,0.0,0.0
2019-07-11 00:00:00+05:30,3283.9537163552504,3323.022141823576,3224.412017174472,3249.098876953125,17634,32.5,0.0
2019-07-12 00:00:00+05:30,3247.4045069095205,3274.701908218778,3196.9313748311465,3210.80908203125,21905,0.0,0.0
2019-07-15 00:00:00+05:30,3217.083732224205,3241.8164374548583,3206.732592344279,3227.022705078125,19109,0.0,0.0
2019-07-16 00:00:00+05:30,3230.824441887078,3265.633437858643,3213.877957006185,3258.35107421875,9724,0.0,0.0
2019-07-17 00:00:00+05:30,3266.549274486717,3283.495758384082,3232.564614620646,3258.167724609375,14435,0.0,0.0
2019-07-18 00:00:00+05:30,3261.0991056137464,3265.312691934168,3224.5039037910083,3227.526611328125,13972,0.0,0.0
2019-07-19 00:00:00+05:30,3233.709704792518,3282.6256366086764,3156.4888773287616,3206.137451171875,31091,0.0,0.0
2019-07-22 00:00:00+05:30,3183.191387606793,3217.038514611916,3110.7336179324816,3142.88623046875,30928,0.0,0.0
2019-07-23 00:00:00+05:30,3154.7941269657367,3155.2062940140677,3073.908971491359,3084.580810546875,18619,0.0,0.0
2019-07-24 00:00:00+05:30,3077.9856162622364,3130.702973420797,2988.3067328774937,3017.802734375,18182,0.0,0.0
2019-07-25 00:00:00+05:30,3058.6113243864816,3114.488919710703,3021.6039572667746,3089.389892578125,34631,0.0,0.0
2019-07-26 00:00:00+05:30,3104.41264241266,3124.565217842898,3033.8786284068246,3100.51953125,48703,0.0,0.0
2019-07-29 00:00:00+05:30,3149.8024010403055,3178.5655385227687,3091.268184011268,3127.4970703125,36376,0.0,0.0
2019-07-30 00:00:00+05:30,3130.794212789292,3293.022309386886,3127.6339673071093,3263.70947265625,77206,0.0,0.0
2019-07-31 00:00:00+05:30,3229.9083069413045,3261.007350988466,3099.8325895318703,3114.947021484375,24113,0.0,0.0
2019-08-01 00:00:00+05:30,3114.9467738136555,3139.1756195923235,3059.527194394239,3072.58056640625,24386,0.0,0.0
2019-08-02 00:00:00+05:30,3059.435690208521,3288.53392287029,2990.825420103481,3216.76318359375,40230,0.0,0.0
2019-08-05 00:00:00+05:30,3196.9313584721613,3219.832012902478,3131.9851919634657,3174.44287109375,50877,0.0,0.0
2019-08-06 00:00:00+05:30,3146.549812507303,3202.70226000274,3122.641440633447,3157.908447265625,19560,0.0,0.0
2019-08-07 00:00:00+05:30,3183.1910168146496,3242.732719287442,3137.3897072201944,3195.786376953125,18257,0.0,0.0
2019-08-08 00:00:00+05:30,3167.9392600021774,3194.137474822551,3126.5805433876753,3154.336181640625,15876,0.0,0.0
2019-08-09 00:00:00+05:30,3178.564868173753,3201.511367769295,3130.3361812308463,3163.679443359375,14375,0.0,0.0
2019-08-13 00:00:00+05:30,3163.6797572201012,3163.6797572201012,3068.6878815547425,3082.47412109375,15054,0.0,0.0
2019-08-14 00:00:00+05:30,3098.8704996684064,3113.572763535622,3051.282987742618,3058.015869140625,14726,0.0,0.0
2019-08-16 00:00:00+05:30,3067.2218745987966,3146.549828732267,2949.6042062643087,3127.817138671875,18356,0.0,0.0
2019-08-19 00:00:00+05:30,3127.817380925234,3150.2141773243407,3071.939781385605,3097.725830078125,21396,0.0,0.0
2019-08-20 00:00:00+05:30,3055.9089699145825,3137.2062877336566,3054.9470977646597,3069.603515625,11382,0.0,0.0
2019-08-21 00:00:00+05:30,3102.580697236195,3102.580697236195,3037.3596774103853,3070.061767578125,14737,0.0,0.0
2019-08-22 00:00:00+05:30,3087.0079670355494,3105.0536365363773,3050.3669229164334,3068.87060546875,18968,0.0,0.0
2019-08-23 00:00:00+05:30,3063.832969448093,3113.4359253249404,3004.5661154952836,3055.222412109375,18912,0.0,0.0
2019-08-26 00:00:00+05:30,3066.855563267578,3153.8322018528374,3054.9472232668377,3063.2373046875,11342,0.0,0.0
2019-08-27 00:00:00+05:30,3074.1840353252787,3101.664822291834,3018.7644482760597,3045.19189453125,19144,0.0,0.0
2019-08-28 00:00:00+05:30,3068.550323863646,3068.550323863646,3013.863383158727,3026.229736328125,5657,0.0,0.0
2019-08-29 00:00:00+05:30,3008.321691818513,3041.206942494016,3008.321691818513,3032.321533203125,10291,0.0,0.0
2019-08-30 00:00:00+05:30,3044.8709274956295,3044.8709274956295,2963.344600014549,2978.962890625,23172,0.0,0.0
2019-09-03 00:00:00+05:30,2959.6807630997832,3009.1461797532615,2941.3602384133096,2988.71875,8816,0.0,0.0
2019-09-04 00:00:00+05:30,2990.8255104160758,3034.153593931874,2950.520358055185,3027.008544921875,6835,0.0,0.0
2019-09-05 00:00:00+05:30,3008.184470699535,3047.024119325777,3008.184470699535,3037.726318359375,18915,0.0,0.0
2019-09-06 00:00:00+05:30,3045.7410902885485,3050.3670670550146,2994.9933312412695,3027.55810546875,16285,0.0,0.0
2019-09-09 00:00:00+05:30,3054.901778141536,3085.1306451874257,3010.9783630254296,3028.65771484375,7407,0.0,0.0
2019-09-11 00:00:00+05:30,3029.7566360182964,3060.1686609248636,3023.848311796079,3037.9091796875,10121,0.0,0.0
2019-09-12 00:00:00+05:30,3036.168735762457,3092.504345130202,3034.0159848106105,3080.183837890625,7622,0.0,0.0
2019-09-13 00:00:00+05:30,3068.6877578964863,3112.611169285402,3027.466579059071,3093.2373046875,27781,0.0,0.0
2019-09-16 00:00:00+05:30,3104.41297142579,3104.41297142579,3024.3523663690526,3042.031494140625,11086,0.0,0.0
2019-09-17 00:00:00+05:30,3049.4509696582754,3049.4509696582754,2949.604122048557,2960.596435546875,12614,0.0,0.0
2019-09-18 00:00:00+05:30,2978.9167603757637,3004.565490169897,2876.3218411992307,2887.497314453125,22676,0.0,0.0
2019-09-19 00:00:00+05:30,2908.566254792356,2924.0013852366096,2858.2765074366052,2888.50537109375,22900,0.0,0.0
2019-09-20 00:00:00+05:30,2908.337507704884,3068.6879480463126,2849.757673543904,2962.383056640625,99963,0.0,0.0
2019-09-23 00:00:00+05:30,3031.1304644886527,3371.8921848844757,3027.466359968267,3240.48828125,184248,0.0,0.0
2019-09-24 00:00:00+05:30,3343.495501498618,3398.4570713862663,3132.8094835959655,3378.350341796875,60960,0.0,0.0
2019-09-25 00:00:00+05:30,3370.9757286535305,3370.9757286535305,3184.1064219564323,3207.694091796875,26257,0.0,0.0
2019-09-26 00:00:00+05:30,3207.0991634258103,3254.6408299722616,3163.0382172513987,3189.55712890625,20827,0.0,0.0
2019-09-27 00:00:00+05:30,3214.244262874655,3272.961632100174,3188.6872211980703,3255.09912109375,34839,0.0,0.0
2019-09-30 00:00:00+05:30,3251.8470090300475,3294.9460844144623,3217.0838611241566,3291.510986328125,15975,0.0,0.0
2019-10-01 00:00:00+05:30,3292.197948447219,3325.174889500113,3238.1524061660875,3287.297119140625,16393,0.0,0.0
2019-10-03 00:00:00+05:30,3288.533884731136,3356.6405185683634,3196.5191025171252,3229.22119140625,33716,0.0,0.0
2019-10-04 00:00:00+05:30,3237.007748464789,3325.8164483322503,3217.0841776040575,3284.64111328125,327183,0.0,0.0
2019-10-07 00:00:00+05:30,3297.693838845143,3323.3884147339804,3239.2054850532886,3286.335205078125,13217,0.0,0.0
2019-10-09 00:00:00+05:30,3288.579994263787,3320.5950661043153,3274.793754847704,3312.350830078125,11569,0.0,0.0
2019-10-10 00:00:00+05:30,3318.762928800094,3318.762928800094,3279.373802126507,3286.564697265625,7662,0.0,0.0
2019-10-11 00:00:00+05:30,3288.533898135996,3308.5947814851015,3210.671674921077,3228.076171875,13485,0.0,0.0
2019-10-14 00:00:00+05:30,3215.251473531476,3324.71658780128,3211.770529772468,3266.640625,19272,0.0,0.0
2019-10-15 00:00:00+05:30,3270.2133076985674,3316.3809355280464,3270.2133076985674,3297.694091796875,12923,0.0,0.0
2019-10-16 00:00:00+05:30,3297.6485500914105,3343.495707187676,3256.4732161786815,3322.747802734375,16337,0.0,0.0
2019-10-17 00:00:00+05:30,3327.006893811095,3435.097976814869,3306.9001650479768,3376.609619140625,36706,0.0,0.0
2019-10-18 00:00:00+05:30,3379.1745393328615,3430.517848522566,3361.861734973564,3428.227783203125,29744,0.0,0.0
2019-10-22 00:00:00+05:30,3428.1361953929,3480.8993914131574,3348.9916250017113,3364.65576171875,23709,0.0,0.0
2019-10-23 00:00:00+05:30,3366.579340832764,3417.9226524741525,3343.4955260383667,3354.99169921875,16167,0.0,0.0
2019-10-24 00:00:00+05:30,3354.4876116999435,3420.441491558599,3343.4952983901676,3358.243408203125,15525,0.0,0.0
2019-10-25 00:00:00+05:30,3393.876979521996,3403.953267450401,3326.091042549087,3344.5947265625,11937,0.0,0.0
2019-10-27 00:00:00+05:30,3299.526440059718,3394.655852336115,3299.526440059718,3382.24365234375,3618,0.0,0.0
2019-10-29 00:00:00+05:30,3374.77792503201,3412.197685752933,3354.4880336180513,3385.03759765625,23522,0.0,0.0
2019-10-30 00:00:00+05:30,3395.663009557909,3403.037064614184,3366.991347031302,3373.5869140625,10490,0.0,0.0
2019-10-31 00:00:00+05:30,3397.54113370746,3400.151897800799,3343.495588577037,3361.541259765625,19164,0.0,0.0
2019-11-01 00:00:00+05:30,3360.854425860578,3424.197774489983,3360.854425860578,3387.648193359375,55997,0.0,0.0
2019-11-04 00:00:00+05:30,3396.625181157882,3486.3957495919362,3368.2283686940486,3397.495361328125,43348,0.0,0.0
2019-11-05 00:00:00+05:30,3389.296875926034,3430.5180541467557,3384.8084370865704,3414.991455078125,17767,0.0,0.0
2019-11-06 00:00:00+05:30,3424.3350091715606,3444.2585794115075,3389.297006335792,3415.5869140625,12845,0.0,0.0
2019-11-07 00:00:00+05:30,3430.5181641411164,3526.700916406755,3413.159512150541,3480.853759765625,39080,0.0,0.0
2019-11-08 00:00:00+05:30,3508.380055797291,3576.1201429561916,3447.189465970952,3459.92236328125,34834,0.0,0.0
2019-11-11 00:00:00+05:30,3473.571025422835,3473.571025422835,3393.968445545904,3399.235595703125,55191,0.0,0.0
2019-11-13 00:00:00+05:30,3399.3732693121797,3469.4951204980784,3396.1213315350087,3405.831298828125,20620,0.0,0.0
2019-11-14 00:00:00+05:30,3421.3576189612763,3435.098011005298,3384.716573510553,3404.18212890625,23300,0.0,0.0
2019-11-15 00:00:00+05:30,3412.0146990060734,3424.8390668002894,3395.2513735186462,3407.66357421875,9304,0.0,0.0
2019-11-18 00:00:00+05:30,3407.6633634899435,3419.5258582381753,3371.755180614535,3391.037353515625,106305,0.0,0.0
2019-11-19 00:00:00+05:30,3395.8005688297076,3475.6321569056445,3393.8768244937505,3417.143798828125,17577,0.0,0.0
2019-11-20 00:00:00+05:30,3441.510151384266,3441.510151384266,3381.968453263431,3391.174560546875,11041,0.0,0.0
2019-11-21 00:00:00+05:30,3402.0753326629956,3405.785283361146,3370.9762890718175,3378.121337890625,6206,0.0,0.0
2019-11-22 00:00:00+05:30,3367.3121476709152,3421.3576908462646,3367.3121476709152,3381.327392578125,9917,0.0,0.0
2019-11-25 00:00:00+05:30,3401.1596090001945,3415.8618749920834,3358.7475490371307,3389.755126953125,17504,0.0,0.0
2019-11-26 00:00:00+05:30,3393.8768962477716,3401.6631185468555,3323.984056058743,3360.94580078125,37516,0.0,0.0
2019-11-27 00:00:00+05:30,3358.151653055164,3372.5790640032324,3324.5793862412047,3345.235595703125,36989,0.0,0.0
2019-11-28 00:00:00+05:30,3346.380809791786,3367.266250548488,3307.0833777721027,3329.434326171875,37306,0.0,0.0
2019-11-29 00:00:00+05:30,3316.0604527581254,3320.732051860325,3253.7248295806908,3265.037841796875,12025,0.0,0.0
2019-12-02 00:00:00+05:30,3265.633260512338,3265.633260512338,3215.251821710605,3222.076171875,23036,0.0,0.0
2019-12-03 00:00:00+05:30,3220.7936003748136,3249.6942684386845,3183.190684396765,3191.526611328125,11348,0.0,0.0
2019-12-04 00:00:00+05:30,3169.4963221043954,3196.47324746911,3162.671972021046,3170.870361328125,9131,0.0,0.0
2019-12-05 00:00:00+05:30,3168.534637054215,3191.4352921355553,3140.824844405794,3159.237060546875,67255,0.0,0.0
2019-12-06 00:00:00+05:30,3167.435546472313,3167.435546472313,3119.1610088235198,3125.29833984375,21071,0.0,0.0
2019-12-09 00:00:00+05:30,3120.0312241794722,3129.1456405533577,3087.924459691267,3096.626708984375,13740,0.0,0.0
2019-12-10 00:00:00+05:30,3097.0846378608503,3123.6493981382728,2997.970645967414,3019.451416015625,27276,0.0,0.0
2019-12-11 00:00:00+05:30,3037.909090188497,3128.2293596926984,3028.1993470037182,3097.3134765625,43319,0.0,0.0
2019-12-12 00:00:00+05:30,3102.1225963075635,3144.671966786718,3027.4206181000595,3077.618896484375,59401,0.0,0.0
2019-12-13 00:00:00+05:30,3069.604000655686,3098.138129230562,3027.9706518204744,3036.94775390625,18923,0.0,0.0
2019-12-16 00:00:00+05:30,3041.25292591247,3063.329023844887,2985.3294799116575,3003.970703125,94036,0.0,0.0
2019-12-17 00:00:00+05:30,3004.565715587362,3037.084643301798,3003.6496894545608,3010.153564453125,94650,0.0,0.0
2019-12-18 00:00:00+05:30,3011.0239733796225,3021.833127295974,3002.275878418707,3006.90185546875,54838,0.0,0.0
2019-12-19 00:00:00+05:30,3007.451283193271,3044.22986874571,3007.451283193271,3028.153564453125,22511,0.0,0.0
2019-12-20 00:00:00+05:30,3037.5431329696025,3049.039307467885,2977.0853987186997,3011.528076171875,75225,0.0,0.0
2019-12-23 00:00:00+05:30,3001.817659805599,3096.1683521949726,2981.710930766965,3071.9853515625,15657,0.0,0.0
2019-12-24 00:00:00+05:30,3080.6876525614907,3155.710105230151,3064.519656735791,3152.36669921875,28086,0.0,0.0
2019-12-26 00:00:00+05:30,3160.290471926143,3206.0917831134784,3123.878429532211,3139.405029296875,19617,0.0,0.0
2019-12-27 00:00:00+05:30,3132.809717692489,3224.412341016831,3129.8784784739532,3150.305908203125,32651,0.0,0.0
2019-12-30 00:00:00+05:30,3164.503813646521,3288.396342071465,3115.4047258649553,3141.969482421875,23840,0.0,0.0
2019-12-31 00:00:00+05:30,3159.9242855496404,3159.9242855496404,3109.909162146035,3120.53515625,117325,0.0,0.0
2020-01-01 00:00:00+05:30,3123.1914572759683,3157.634133267387,3076.016106036868,3093.145751953125,12825,0.0,0.0
2020-01-02 00:00:00+05:30,3100.7487577759125,3191.8016746785506,3097.5885120416206,3182.458251953125,25577,0.0,0.0
2020-01-03 00:00:00+05:30,3197.8472231208925,3197.8472231208925,3155.710021097529,3176.366455078125,17829,0.0,0.0
2020-01-06 00:00:00+05:30,3169.4505974459016,3172.885695636775,3144.7637365086653,3160.336181640625,17488,0.0,0.0
2020-01-07 00:00:00+05:30,3160.3358491502486,3188.5494973841824,3096.214023000028,3111.419921875,31735,0.0,0.0
2020-01-08 00:00:00+05:30,3022.886060001545,3155.7098414258553,3022.886060001545,3132.671875,39466,0.0,0.0
2020-01-09 00:00:00+05:30,3159.328640364451,3159.3744864040723,3110.825095920043,3131.343994140625,74890,0.0,0.0
2020-01-10 00:00:00+05:30,3140.0917447589136,3146.54977373853,3091.5882056382934,3102.07666015625,20996,0.0,0.0
2020-01-13 00:00:00+05:30,3114.4890034810683,3132.7636809942414,3077.8479563812907,3110.779052734375,86638,0.0,0.0
2020-01-14 00:00:00+05:30,3116.092304929151,3134.4586760224925,3105.328996460593,3123.51220703125,16111,0.0,0.0
2020-01-15 00:00:00+05:30,3122.733280431364,3138.305725654988,3089.7563376048665,3123.78662109375,46709,0.0,0.0
2020-01-16 00:00:00+05:30,3132.809527030957,3133.679707171736,3097.5425191974214,3110.779052734375,7275,0.0,0.0
2020-01-17 00:00:00+05:30,3129.6946831219984,3132.7632361974024,3092.4580901102636,3102.030517578125,45682,0.0,0.0
2020-01-20 00:00:00+05:30,3116.778844971662,3119.0689102508472,3080.6416595939495,3092.275146484375,21918,0.0,0.0
2020-01-21 00:00:00+05:30,3098.9166387531527,3098.9166387531527,3079.680088527372,3087.2373046875,44703,0.0,0.0
2020-01-22 00:00:00+05:30,3091.588557367842,3105.2831049163387,3057.0544128770875,3071.619140625,25284,0.0,0.0
2020-01-23 00:00:00+05:30,3071.6189152756733,3089.664586136545,3053.161077365235,3065.389892578125,41158,0.0,0.0
2020-01-24 00:00:00+05:30,3065.252954573589,3077.756623901589,3048.535474881107,3058.56591796875,13340,0.0,0.0
2020-01-27 00:00:00+05:30,3050.3673397425237,3089.5274609959747,3013.726290616487,3025.268310546875,20718,0.0,0.0
2020-01-28 00:00:00+05:30,3030.214623129907,3076.199092936867,2986.245366204201,2990.413330078125,21040,0.0,0.0
2020-01-29 00:00:00+05:30,3003.649721399065,3140.137616637998,2986.245224690745,3130.336181640625,119568,0.0,0.0
2020-01-30 00:00:00+05:30,3146.550102832775,3190.336201393342,3074.64204371418,3108.855712890625,48165,0.0,0.0
2020-01-31 00:00:00+05:30,3108.8550309868046,3206.091104603616,3068.687200120604,3164.228759765625,80743,0.0,0.0
2020-02-03 00:00:00+05:30,3229.587741719529,3320.961356842904,3207.007784931693,3298.42724609375,106272,0.0,0.0
2020-02-04 00:00:00+05:30,3315.0988034303773,3453.418759030816,3297.694305705819,3415.266357421875,581865,0.0,0.0
2020-02-05 00:00:00+05:30,3448.7924557559595,3618.3031320232667,3416.9605484552485,3540.89892578125,252064,0.0,0.0
2020-02-06 00:00:00+05:30,3546.853416584839,3581.570719817319,3445.2203552770175,3466.197265625,50109,0.0,0.0
2020-02-07 00:00:00+05:30,3468.0749827301,3522.120525250194,3454.3345905639744,3465.326904296875,19035,0.0,0.0
2020-02-10 00:00:00+05:30,3468.1213182198876,3474.4876560941657,3435.0985263256316,3444.2587890625,37538,0.0,0.0
2020-02-11 00:00:00+05:30,3435.1437477058194,3544.9751884929574,3435.1437477058194,3508.24267578125,49094,0.0,0.0
2020-02-12 00:00:00+05:30,3508.2430084506636,3542.27329210115,3457.998882255454,3486.807861328125,30355,0.0,0.0
2020-02-13 00:00:00+05:30,3494.6395773039058,3596.3184745727744,3436.01390680654,3576.990234375,155572,0.0,0.0
2020-02-14 00:00:00+05:30,3578.0440565836943,3608.9140937031275,3413.1135003839972,3441.09814453125,114918,0.0,0.0
2020-02-17 00:00:00+05:30,3449.7549024448667,3453.419007492604,3370.97664391851,3406.0146484375,32564,0.0,0.0
2020-02-18 00:00:00+05:30,3406.0141127568704,3415.8613935239346,3371.250966311677,3388.838623046875,17582,0.0,0.0
2020-02-19 00:00:00+05:30,3405.7393151450424,3485.937447786078,3357.7396352500455,3447.92236328125,65449,0.0,0.0
2020-02-20 00:00:00+05:30,3444.2584630783,3453.4187249481893,3352.6558443794092,3371.251220703125,42410,0.0,0.0
2020-02-24 00:00:00+05:30,3381.601770234094,3425.9373404787407,3352.8384188070027,3384.807861328125,22169,0.0,0.0
2020-02-25 00:00:00+05:30,3401.617257296552,3435.098057760699,3320.5947891686756,3336.396240234375,34366,0.0,0.0
2020-02-26 00:00:00+05:30,3341.66361164944,3341.66361164944,3174.030815341368,3190.519287109375,53905,0.0,0.0
2020-02-27 00:00:00+05:30,3192.3513788426762,3227.755702813754,3128.5043959936656,3166.015625,27827,0.0,0.0
2020-02-28 00:00:00+05:30,3122.6415925119004,3141.969834594388,3069.420605007397,3102.260009765625,21849,0.0,0.0
2020-03-02 00:00:00+05:30,3169.4505422254165,3169.4505422254165,3091.680009994699,3108.901123046875,14706,0.0,0.0
2020-03-03 00:00:00+05:30,3161.645181652926,3186.765423257418,3105.2865037269803,3122.249755859375,17842,40.0,0.0
2020-03-04 00:00:00+05:30,3137.636586793775,3157.1953448962913,3074.7430924686355,3080.9072265625,21675,0.0,0.0
2020-03-05 00:00:00+05:30,3090.1766610903765,3149.7332658787777,3057.5016366733935,3098.89013671875,51392,0.0,0.0
2020-03-06 00:00:00+05:30,2989.4633868552164,3095.9699669111424,2893.6629098723747,2926.152587890625,52501,0.0,0.0
2020-03-09 00:00:00+05:30,2918.042245609293,2918.042245609293,2640.9766349842753,2672.21484375,90244,0.0,0.0
2020-03-11 00:00:00+05:30,2712.073682410147,2857.5586181285976,2688.2510834460154,2817.60693359375,121794,0.0,0.0
2020-03-12 00:00:00+05:30,2647.3722675518115,2789.4275196534622,2632.541050366647,2697.98388671875,226971,0.0,0.0
2020-03-13 00:00:00+05:30,2502.860963310554,2850.3748690133816,2294.111377224162,2738.630859375,53783,0.0,0.0
2020-03-16 00:00:00+05:30,2678.8886686842557,2710.312220330683,2433.246628130163,2540.7265625,77837,0.0,0.0
2020-03-17 00:00:00+05:30,2550.9697782382514,2575.7657235754145,2456.1426223978283,2463.002197265625,362881,0.0,0.0
2020-03-18 00:00:00+05:30,2493.498416194156,2576.8776209465027,2314.272333563359,2353.5751953125,171989,0.0,0.0
2020-03-19 00:00:00+05:30,2169.2510757416608,2289.2448590479453,1983.6754973704424,2132.5439453125,407407,0.0,0.0
2020-03-20 00:00:00+05:30,2133.4706865257826,2242.5263900681184,2049.30348358415,2114.74609375,93449,0.0,0.0
2020-03-23 00:00:00+05:30,1946.597176802608,2038.2725437970828,1691.82470703125,1691.82470703125,119719,0.0,0.0
2020-03-24 00:00:00+05:30,1763.5244319024507,1794.0674247653124,1353.4876437830007,1414.48095703125,436901,0.0,0.0
2020-03-25 00:00:00+05:30,1413.6004567856548,1555.887453583424,1403.867470034016,1478.0235595703125,152056,0.0,0.0
2020-03-26 00:00:00+05:30,1510.9302642654088,1625.8258056640625,1487.7564872061234,1625.8258056640625,63137,0.0,0.0
2020-03-27 00:00:00+05:30,1765.8417865953948,1788.366742835296,1668.5119243421054,1761.20703125,79150,0.0,0.0
2020-03-30 00:00:00+05:30,1677.7814422887586,1760.280087793565,1640.70339936525,1706.7022705078125,52133,0.0,0.0
2020-03-31 00:00:00+05:30,1736.1793066952125,1765.841740125136,1649.8337942521537,1667.1678466796875,43449,0.0,0.0
2020-04-01 00:00:00+05:30,1686.1239060077753,1686.1239060077753,1599.4539856055064,1626.3819580078125,30051,0.0,0.0
2020-04-03 00:00:00+05:30,1649.9727945444222,1789.0154457700758,1575.8167138907404,1784.0098876953125,47262,0.0,0.0
2020-04-07 00:00:00+05:30,1835.363373688071,1873.090242219259,1791.008781454587,1834.34375,26401,0.0,0.0
2020-04-08 00:00:00+05:30,1879.810436537684,1922.3576277788075,1784.3808661273767,1876.84423828125,25453,0.0,0.0
2020-04-09 00:00:00+05:30,1904.6527601975602,1956.700973597656,1882.6376717173596,1933.063720703125,29635,0.0,0.0
2020-04-13 00:00:00+05:30,1937.327871563033,1992.9449396461823,1896.5420216353903,1961.3358154296875,35584,0.0,0.0
2020-04-15 00:00:00+05:30,1997.5331074867004,1997.5331074867004,1770.4764944656004,1935.937255859375,34275,0.0,0.0
2020-04-16 00:00:00+05:30,1914.1539288228864,1937.3277052008875,1886.3453971692852,1918.8814697265625,17477,0.0,0.0
2020-04-17 00:00:00+05:30,1992.8985844285073,1992.8985844285073,1918.7888850707568,1955.959716796875,50515,0.0,0.0
2020-04-20 00:00:00+05:30,1990.1642014585634,1990.1642014585634,1928.6608995867662,1960.2236328125,15436,0.0,0.0
2020-04-21 00:00:00+05:30,1928.9852289704224,1952.159006348731,1784.3808581297756,1831.23828125,42784,0.0,0.0
2020-04-22 00:00:00+05:30,1840.9249391821047,1840.9249391821047,1770.9401290571054,1809.82568359375,21968,0.0,0.0
2020-04-23 00:00:00+05:30,1835.3629908225514,1858.5367659591998,1784.4270783334778,1791.0546875,29297,0.0,0.0
2020-04-24 00:00:00+05:30,1770.4764109186406,1783.7318554867977,1738.0795187131102,1744.24365234375,22447,0.0,0.0
2020-04-27 00:00:00+05:30,1788.92301597659,1793.604051310941,1738.0333760939172,1758.8433837890625,20249,0.0,0.0
2020-04-28 00:00:00+05:30,1775.1113508606547,1801.9929326752547,1710.2247740667926,1796.6629638671875,48507,0.0,0.0
2020-04-29 00:00:00+05:30,1801.9466226278005,1932.6467333160183,1798.2388180692694,1856.5440673828125,76668,0.0,0.0
2020-04-30 00:00:00+05:30,1888.199555903206,1925.2776031472551,1878.2812235267108,1888.941162109375,44807,0.0,0.0
2020-05-04 00:00:00+05:30,1853.9022285539918,1853.9022285539918,1741.8802090242593,1754.34765625,52291,0.0,0.0
2020-05-05 00:00:00+05:30,1835.270398820903,1835.270398820903,1750.4543781019731,1752.6326904296875,23984,0.0,0.0
2020-05-06 00:00:00+05:30,1764.9148347169491,1789.0155625019495,1740.3042385829065,1759.44580078125,19646,0.0,0.0
2020-05-07 00:00:00+05:30,1756.5723383327402,1779.0045097404015,1751.4277144552307,1759.1678466796875,8007,0.0,0.0
2020-05-08 00:00:00+05:30,1768.6226972027916,1797.311788460599,1736.1794087320907,1739.8408203125,20724,0.0,0.0
2020-05-11 00:00:00+05:30,1756.5258619386195,1796.6628880077096,1746.144055351231,1765.4246826171875,20122,0.0,0.0
2020-05-12 00:00:00+05:30,1751.9374867029874,1784.844249019366,1738.0332209355033,1780.1168212890625,20852,0.0,0.0
2020-05-13 00:00:00+05:30,1840.090502391512,1872.4411165909771,1779.7460118092456,1789.525390625,44225,0.0,0.0
2020-05-14 00:00:00+05:30,1787.1615213017703,1825.1201193482232,1742.6678734685313,1763.616943359375,29744,0.0,0.0
2020-05-15 00:00:00+05:30,1772.330447141605,1790.8694685552202,1748.924932606916,1784.612548828125,13893,0.0,0.0
2020-05-18 00:00:00+05:30,1793.5578378418136,1793.6041175082887,1715.1840713152903,1721.6727294921875,79811,0.0,0.0
2020-05-19 00:00:00+05:30,1738.0333797609023,1768.1128988586784,1724.129112722815,1750.639892578125,123108,0.0,0.0
2020-05-20 00:00:00+05:30,1735.2525349292182,1778.5411079271173,1728.7638769460427,1764.6368408203125,19525,0.0,0.0
2020-05-21 00:00:00+05:30,1812.1892532862057,1877.0758250151237,1743.5948774584926,1769.82763671875,77297,0.0,0.0
2020-05-22 00:00:00+05:30,1784.3807991127637,1861.5494752302377,1742.6680012114264,1847.92333984375,194719,0.0,0.0
2020-05-26 00:00:00+05:30,1853.9022823490468,1863.171793760792,1823.3128946902875,1846.579345703125,15860,0.0,0.0
2020-05-27 00:00:00+05:30,1846.4867477219573,1882.081695609892,1807.5547982217954,1857.33203125,15851,0.0,0.0
2020-05-28 00:00:00+05:30,1853.9486018682348,1872.3948383257307,1831.6553825431033,1848.1087646484375,29663,0.0,0.0
2020-05-29 00:00:00+05:30,1838.0975432551024,1862.15199094581,1822.4784406599429,1854.458251953125,41290,0.0,0.0
2020-06-01 00:00:00+05:30,1863.7278201186891,1988.310067988319,1863.7278201186891,1915.0809326171875,46027,0.0,0.0
2020-06-02 00:00:00+05:30,1931.7662261417024,2043.9273170069355,1865.0257423210676,2028.3544921875,77370,0.0,0.0
2020-06-03 00:00:00+05:30,2085.639912901932,2196.8740415900347,2048.5154771909947,2111.27001953125,90820,0.0,0.0
2020-06-04 00:00:00+05:30,2140.0056524725987,2178.335172520153,2039.2925019337601,2077.853759765625,36981,0.0,0.0
2020-06-05 00:00:00+05:30,2113.4487847999562,2311.6310011973123,2069.4649946056506,2261.807373046875,103625,0.0,0.0
2020-06-08 00:00:00+05:30,2353.528740757146,2394.407373015587,2304.400334589313,2317.5166015625,116655,0.0,0.0
2020-06-09 00:00:00+05:30,2340.551284941982,2362.7517162250037,2318.3044608474843,2320.529052734375,105811,0.0,0.0
2020-06-10 00:00:00+05:30,2314.596971724699,2346.2986551109843,2262.5023634774034,2288.595947265625,62721,0.0,0.0
2020-06-11 00:00:00+05:30,2301.6195049036237,2302.963538692728,2226.5364682958134,2240.1162109375,33512,0.0,0.0
2020-06-12 00:00:00+05:30,2086.5671454292165,2205.6803742997868,2053.196902321508,2177.779052734375,81026,0.0,0.0
2020-06-15 00:00:00+05:30,2210.7782242214494,2210.7782242214494,2113.448365293461,2149.182373046875,39449,0.0,0.0
2020-06-16 00:00:00+05:30,2205.216484497059,2206.143435520387,2116.970792337524,2148.1162109375,93404,0.0,0.0
2020-06-17 00:00:00+05:30,2154.2341773171484,2200.4427763333665,2118.083087422411,2177.454345703125,56419,0.0,0.0
2020-06-18 00:00:00+05:30,2195.9470311074824,2243.22153452094,2178.1496162601684,2227.55615234375,51687,0.0,0.0
2020-06-19 00:00:00+05:30,2287.1126873721732,2382.217726142721,2236.408285585093,2342.636962890625,102066,0.0,0.0
2020-06-22 00:00:00+05:30,2390.282241312228,2572.2891710164417,2381.7543368894194,2539.01171875,73903,0.0,0.0
2020-06-23 00:00:00+05:30,2595.4630885079723,2766.856256937234,2558.4778300193025,2705.723876953125,158949,0.0,0.0
2020-06-24 00:00:00+05:30,2780.8529247853367,2785.4876796599788,2609.3669944235744,2631.382080078125,88119,0.0,0.0
2020-06-25 00:00:00+05:30,2614.0021217037443,2678.8886991928443,2456.4204335159297,2486.731689453125,115607,0.0,0.0
2020-06-26 00:00:00+05:30,2494.703154815212,2618.6364524541546,2487.4728920922917,2507.44873046875,69325,0.0,0.0
2020-06-29 00:00:00+05:30,2524.0877449435293,2567.654444911339,2414.7075194924328,2431.068115234375,64120,0.0,0.0
2020-06-30 00:00:00+05:30,2447.1508261035196,2460.86974720811,2340.783190764361,2357.236572265625,59150,0.0,0.0
2020-07-01 00:00:00+05:30,2398.0225371399824,2409.6558189073003,2348.8941279909996,2382.4033203125,56481,0.0,0.0
2020-07-02 00:00:00+05:30,2419.3422235311773,2446.223803792635,2383.0057878873163,2397.419921875,50667,0.0,0.0
2020-07-03 00:00:00+05:30,2403.5380386101483,2426.711818319277,2350.748213694041,2360.481201171875,64130,0.0,0.0
2020-07-06 00:00:00+05:30,2377.629439968832,2474.9129072707974,2377.629439968832,2460.545166015625,98296,0.0,0.0
2020-07-07 00:00:00+05:30,2487.936594805963,2677.034607227877,2473.105378145421,2644.49853515625,182357,0.0,0.0
2020-07-08 00:00:00+05:30,2673.790541590449,2686.2579890607944,2560.5171584647164,2595.32421875,103002,0.0,0.0
2020-07-09 00:00:00+05:30,2613.0752115022415,2631.6142339321973,2544.61978065706,2569.6474609375,82881,0.0,0.0
2020-07-10 00:00:00+05:30,2565.8005128762234,2618.636722859585,2509.581022074386,2533.12548828125,88996,0.0,0.0
2020-07-13 00:00:00+05:30,2563.0197884571803,2563.0197884571803,2485.341241108116,2524.319580078125,128517,0.0,0.0
2020-07-14 00:00:00+05:30,2517.5989548772395,2517.5989548772395,2419.3421473599396,2444.6015625,58959,0.0,0.0
2020-07-15 00:00:00+05:30,2479.548204935426,2488.817717450414,2410.0732538968828,2415.86669921875,82215,0.0,0.0
2020-07-16 00:00:00+05:30,2437.881209466394,2437.881209466394,2365.671814735179,2401.081298828125,120716,0.0,0.0
2020-07-17 00:00:00+05:30,2412.3899637092018,2454.566233968095,2409.0992424167343,2446.038330078125,24481,0.0,0.0
2020-07-20 00:00:00+05:30,2465.6898548945114,2544.4806961223435,2449.838901019052,2517.6455078125,63512,0.0,0.0
2020-07-21 00:00:00+05:30,2556.53089666443,2583.4124760709815,2458.274089178415,2503.138427734375,57334,0.0,0.0
2020-07-22 00:00:00+05:30,2507.4029526869285,2568.95242078114,2430.466004415943,2465.8291015625,78711,0.0,0.0
2020-07-23 00:00:00+05:30,2470.3248124186307,2493.4985911467606,2457.5328412994168,2476.85986328125,31608,0.0,0.0
2020-07-24 00:00:00+05:30,2470.324739261746,2488.817368877861,2457.347423558307,2479.50146484375,24151,0.0,0.0
2020-07-27 00:00:00+05:30,2493.2204803558416,2498.4578901738832,2471.344568846486,2486.12939453125,29928,0.0,0.0
2020-07-28 00:00:00+05:30,2492.2935150783437,2544.388124516758,2484.5536087493474,2522.4658203125,61778,0.0,0.0
2020-07-29 00:00:00+05:30,2529.6493361232187,2549.1153075627894,2471.205028992181,2500.77490234375,145859,0.0,0.0
2020-07-30 00:00:00+05:30,2520.380098030345,2520.380098030345,2435.378725494873,2456.095947265625,48288,0.0,0.0
2020-07-31 00:00:00+05:30,2463.8355791402196,2480.52069592898,2412.436195182788,2462.074462890625,73788,0.0,0.0
2020-08-03 00:00:00+05:30,2456.420266492385,2456.420266492385,2395.241497591065,2411.416748046875,24981,0.0,0.0
2020-08-04 00:00:00+05:30,2410.07322430243,2456.14265567492,2359.1836917426263,2404.326171875,60024,0.0,0.0
2020-08-05 00:00:00+05:30,2405.4381294174705,2469.397755980016,2405.391736600706,2442.191650390625,32782,0.0,0.0
2020-08-06 00:00:00+05:30,2493.497895475433,2501.8404534900346,2456.512645466579,2466.06005859375,29485,0.0,0.0
2020-08-07 00:00:00+05:30,2477.6474027618847,2518.664987249833,2466.060514488453,2503.7412109375,26300,0.0,0.0
2020-08-10 00:00:00+05:30,2533.3576177825253,2561.1197608317325,2502.768228325217,2510.183837890625,33606,0.0,0.0
2020-08-11 00:00:00+05:30,2519.453104020669,2550.969441598558,2516.533298561757,2526.544189453125,17508,0.0,0.0
2020-08-12 00:00:00+05:30,2538.919014032603,2538.919014032603,2479.7330969142054,2487.1025390625,17703,0.0,0.0
2020-08-13 00:00:00+05:30,2502.165501843873,2533.91357650546,2475.469265334306,2490.57861328125,16766,0.0,0.0
2020-08-14 00:00:00+05:30,2490.624695153944,2509.6271917509025,2365.857219135319,2409.0068359375,55479,0.0,0.0
2020-08-17 00:00:00+05:30,2427.638408674234,2472.4101896788807,2410.0727315268873,2421.891357421875,30566,0.0,0.0
2020-08-18 00:00:00+05:30,2446.2243403476537,2451.78604782855,2432.3200716454126,2437.001220703125,11573,0.0,0.0
2020-08-19 00:00:00+05:30,2447.150815152882,2460.081737267123,2434.2662858532403,2440.430419921875,11869,0.0,0.0
2020-08-20 00:00:00+05:30,2427.6851418845604,2437.8352120503955,2411.5098890450904,2423.7919921875,9683,0.0,0.0
2020-08-21 00:00:00+05:30,2446.872772135591,2496.2793110011685,2433.2930290502245,2455.21533203125,172465,0.0,0.0
2020-08-24 00:00:00+05:30,2484.228990990942,2504.8072605057755,2456.4204575096996,2472.54931640625,64087,0.0,0.0
2020-08-25 00:00:00+05:30,2476.581523072894,2490.578574762635,2433.2929533337074,2473.1982421875,82904,0.0,0.0
2020-08-26 00:00:00+05:30,2488.8637695755065,2595.3241967594354,2476.813404955588,2556.762939453125,199877,0.0,0.0
2020-08-27 00:00:00+05:30,2595.462673318746,2658.448945433186,2558.3846351284783,2643.339599609375,125650,0.0,0.0
2020-08-28 00:00:00+05:30,2669.6192506532734,2669.6192506532734,2563.0198708528824,2578.9169921875,53007,0.0,0.0
2020-08-31 00:00:00+05:30,2586.193109689661,2609.5058351917305,2465.7822737073075,2483.1162109375,45523,0.0,0.0
2020-09-01 00:00:00+05:30,2466.8024174996513,2528.4446705334713,2440.6624396699053,2455.447265625,37017,0.0,0.0
2020-09-02 00:00:00+05:30,2455.447032679928,2474.774053335217,2447.150865725966,2457.718017578125,17923,0.0,0.0
2020-09-03 00:00:00+05:30,2457.810602071921,2480.428116184683,2451.7854205092326,2455.168701171875,14692,0.0,0.0
2020-09-04 00:00:00+05:30,2445.2970233409937,2454.381189462302,2396.168614608214,2401.266845703125,29477,0.0,0.0
2020-09-07 00:00:00+05:30,2400.803498263296,2437.881544568521,2291.4232616628833,2303.52001953125,67357,0.0,0.0
2020-09-08 00:00:00+05:30,2312.7431361294725,2340.551670832432,2258.9335762179585,2276.592041015625,69747,0.0,0.0
2020-09-09 00:00:00+05:30,2262.6876771675056,2269.871548326067,2210.871200236711,2257.17236328125,55969,0.0,0.0
2020-09-10 00:00:00+05:30,2264.0780325093524,2322.012475511127,2264.0780325093524,2291.469482421875,21649,0.0,0.0
2020-09-11 00:00:00+05:30,2298.8388422824614,2311.4454683917447,2274.089291943368,2281.36572265625,10273,0.0,0.0
2020-09-14 00:00:00+05:30,2286.7886175688354,2315.802235481079,2277.472712718342,2290.125732421875,17060,0.0,0.0
2020-09-15 00:00:00+05:30,2290.171953562513,2333.1826261871133,2280.856274796266,2316.775634765625,20256,0.0,0.0
2020-09-16 00:00:00+05:30,2326.6007008500123,2347.0400163962604,2317.3775833296413,2334.248046875,15916,0.0,0.0
2020-09-17 00:00:00+05:30,2345.185848581364,2345.185848581364,2295.4550218009945,2305.048828125,10281,0.0,0.0
2020-09-18 00:00:00+05:30,2314.5503770760524,2428.658141756979,2299.2556847640053,2398.48583984375,78724,0.0,0.0
2020-09-21 00:00:00+05:30,2417.4883986629115,2423.9770561746604,2308.108172036292,2332.57958984375,20393,0.0,0.0
2020-09-22 00:00:00+05:30,2298.885257264811,2326.276709156893,2217.730638381658,2228.622314453125,55015,0.0,0.0
2020-09-23 00:00:00+05:30,2315.8945114227677,2352.6018650885608,2225.609565830431,2312.51123046875,25531,0.0,0.0
2020-09-24 00:00:00+05:30,2247.902683606457,2280.2995774640235,2229.3636626514644,2249.802978515625,19180,0.0,0.0
2020-09-25 00:00:00+05:30,2280.253423070844,2316.4509105315124,2215.8303185162463,2262.687744140625,32098,0.0,0.0
2020-09-28 00:00:00+05:30,2286.7885144406932,2335.9169259791433,2284.9810049378298,2310.5185546875,16278,0.0,0.0
2020-09-29 00:00:00+05:30,2317.37790486433,2325.7204653218414,2234.230430899085,2256.6162109375,29069,0.0,0.0
2020-09-30 00:00:00+05:30,2256.61602262477,2267.739435639879,2225.6095541064365,2237.613525390625,15996,0.0,0.0
2020-10-01 00:00:00+05:30,2259.9067130648473,2307.1812177269917,2246.604874661855,2270.566650390625,38863,0.0,0.0
2020-10-05 00:00:00+05:30,2290.496152377941,2297.8653683110742,2245.492631520563,2250.405517578125,18383,0.0,0.0
2020-10-06 00:00:00+05:30,2260.833501584777,2293.27678676537,2260.833501584777,2281.875244140625,21171,0.0,0.0
2020-10-07 00:00:00+05:30,2291.423002452874,2291.423002452874,2243.406892657992,2249.710205078125,10798,0.0,0.0
2020-10-08 00:00:00+05:30,2253.4646370098208,2272.8842183284614,2219.1210516632696,2225.192626953125,27881,0.0,0.0
2020-10-09 00:00:00+05:30,2226.5831602247877,2252.4914008290016,2195.947378009837,2223.477783203125,38741,0.0,0.0
2020-10-12 00:00:00+05:30,2247.3003836213857,2247.3003836213857,2201.509085172378,2223.477783203125,55773,0.0,0.0
2020-10-13 00:00:00+05:30,2223.477725106166,2242.8973068466703,2215.45968801225,2224.9609375,126903,0.0,0.0
2020-10-14 00:00:00+05:30,2226.5362856922425,2243.2214035700363,2212.1685452974757,2229.317138671875,106144,0.0,0.0
2020-10-15 00:00:00+05:30,2240.394282229223,2243.221528176843,2170.3630855407678,2202.991943359375,85192,0.0,0.0
2020-10-16 00:00:00+05:30,2202.992395216049,2222.5509304870584,2173.700645672886,2182.089599609375,70672,0.0,0.0
2020-10-19 00:00:00+05:30,2214.3935540948455,2214.3935540948455,2182.970000030987,2190.988037109375,10034,0.0,0.0
2020-10-20 00:00:00+05:30,2191.312275598404,2202.8063780612133,2169.992401512633,2178.3349609375,54248,0.0,0.0
2020-10-21 00:00:00+05:30,2189.1340505222083,2206.0509086824213,2161.325516560214,2177.36181640625,85551,0.0,0.0
2020-10-22 00:00:00+05:30,2176.481348825483,2178.335251166902,2122.7181809243425,2133.65625,57494,0.0,0.0
2020-10-23 00:00:00+05:30,2134.81487799907,2161.65006836348,2083.7861722474713,2096.43896484375,105479,0.0,0.0
2020-10-26 00:00:00+05:30,2104.1788768871766,2137.039246245124,2087.632710174113,2129.11376953125,33730,0.0,0.0
2020-10-27 00:00:00+05:30,2144.0377980394815,2144.0377980394815,2051.0181688082002,2099.7294921875,155124,0.0,0.0
2020-10-28 00:00:00+05:30,2108.8133400065462,2138.892852056573,2080.309599257007,2112.984619140625,28429,0.0,0.0
2020-10-29 00:00:00+05:30,2091.943183340224,2114.2825679514967,2065.571471122622,2103.3447265625,21346,0.0,0.0
2020-10-30 00:00:00+05:30,2115.302110244201,2156.5514283449315,2115.302110244201,2138.19775390625,36813,0.0,0.0
2020-11-02 00:00:00+05:30,2156.0883080369194,2161.279324838513,2131.987578884314,2145.891845703125,22179,0.0,0.0
2020-11-03 00:00:00+05:30,2161.650090988996,2174.071145929224,2131.1996550594804,2132.636474609375,19282,0.0,0.0
2020-11-04 00:00:00+05:30,2150.5266334221205,2152.6122734760856,2131.987610720206,2135.185546875,13198,0.0,0.0
2020-11-05 00:00:00+05:30,2157.385761574627,2203.362623715313,2137.6418854530984,2195.993408203125,35250,0.0,0.0
2020-11-06 00:00:00+05:30,2215.413028130546,2270.1031405404633,2198.079088611058,2249.617431640625,63881,0.0,0.0
2020-11-09 00:00:00+05:30,2266.3955708123626,2283.961249913814,2235.2963143442234,2267.229736328125,27786,0.0,0.0
2020-11-10 00:00:00+05:30,2268.6665023062965,2352.601972553688,2268.6665023062965,2338.929443359375,64546,0.0,0.0
2020-11-11 00:00:00+05:30,2362.7985958159165,2531.503713288846,2354.4560350617608,2456.327880859375,219229,0.0,0.0
2020-11-12 00:00:00+05:30,2474.9596225825467,2529.3716109712946,2466.6170620569874,2482.468017578125,114187,0.0,0.0
2020-11-13 00:00:00+05:30,2484.2290263585696,2516.672315881909,2439.086551625951,2494.6572265625,83069,0.0,0.0
2020-11-14 00:00:00+05:30,2520.3802378041973,2532.8012929920214,2501.84121435584,2509.349609375,20783,0.0,0.0
2020-11-17 00:00:00+05:30,2516.6720233709793,2573.216035682445,2459.201060038014,2514.771728515625,126745,0.0,0.0
2020-11-18 00:00:00+05:30,2514.771951805425,2563.0198020197395,2493.68381419387,2549.99609375,109959,0.0,0.0
2020-11-19 00:00:00+05:30,2567.654741400146,2779.926559371494,2550.0426691667153,2668.553466796875,371158,0.0,0.0
2020-11-20 00:00:00+05:30,2680.7423302982097,2805.0465516966306,2644.59124078174,2789.01025390625,210940,0.0,0.0
2020-11-23 00:00:00+05:30,2873.5487321063915,3039.472997605438,2806.251984180289,3009.7177734375,467403,0.0,0.0
2020-11-24 00:00:00+05:30,3054.303693612781,3104.220097914114,2850.374463690228,2866.966796875,398332,0.0,0.0
2020-11-25 00:00:00+05:30,2896.582960925112,2918.7833924054808,2672.3997681074475,2715.178466796875,277210,0.0,0.0
2020-11-26 00:00:00+05:30,2734.5060993727693,2850.3750018885644,2725.2365871715056,2786.044677734375,187516,0.0,0.0
2020-11-27 00:00:00+05:30,2795.68437627499,2863.351803154325,2786.414865743574,2839.9462890625,120914,0.0,0.0
2020-12-01 00:00:00+05:30,2887.9159652249327,2887.9159652249327,2836.4701825030634,2868.2646484375,79083,0.0,0.0
2020-12-02 00:00:00+05:30,2868.2646210709327,2914.519387004727,2845.739665751747,2877.765869140625,105288,0.0,0.0
2020-12-03 00:00:00+05:30,2887.4526564573493,2919.895944732151,2878.414883295083,2913.082763671875,55733,0.0,0.0
2020-12-04 00:00:00+05:30,2933.105412763403,2943.0701384289496,2893.01477229504,2908.8193359375,43515,0.0,0.0
2020-12-07 00:00:00+05:30,2923.603785283956,2965.316585010582,2878.090395504113,2884.810791015625,69105,0.0,0.0
2020-12-08 00:00:00+05:30,2896.304994426771,2904.97185109774,2801.2461174819114,2850.28173828125,465231,0.0,0.0
2020-12-09 00:00:00+05:30,2875.1709416625613,2875.1709416625613,2833.5509224791203,2845.69384765625,35053,0.0,0.0
2020-12-10 00:00:00+05:30,2836.4701914206644,2844.766357993767,2812.137726543281,2826.0419921875,28149,0.0,0.0
2020-12-11 00:00:00+05:30,2807.8739788290704,2892.0875811290716,2804.258959875232,2838.55615234375,40231,0.0,0.0
2020-12-14 00:00:00+05:30,2864.279127016643,2886.525955187646,2827.201080064971,2835.8681640625,46828,0.0,0.0
2020-12-15 00:00:00+05:30,2804.258772224401,2911.9704431295418,2804.258772224401,2891.021484375,92851,0.0,0.0
2020-12-16 00:00:00+05:30,2915.2614396896784,2939.2693845527824,2878.1833927619873,2918.9228515625,58222,0.0,0.0
2020-12-17 00:00:00+05:30,2917.9957087404127,2931.946368241989,2878.1832037279087,2895.239013671875,37227,0.0,0.0
2020-12-18 00:00:00+05:30,2876.329020755162,2900.4297473228817,2830.723075742142,2856.770263671875,37569,0.0,0.0
2020-12-21 00:00:00+05:30,2791.1423186087627,2879.434403635899,2791.1423186087627,2846.24951171875,117274,0.0,0.0
2020-12-22 00:00:00+05:30,2846.6668941934213,2956.0471265329925,2641.9960413001245,2795.591796875,85287,0.0,0.0
2020-12-23 00:00:00+05:30,2808.6622431626065,2861.96193919622,2790.1232184552623,2844.257080078125,34336,0.0,0.0
2020-12-24 00:00:00+05:30,2855.0562858007984,2883.6989893343725,2829.101650410105,2848.567626953125,25067,0.0,0.0
2020-12-28 00:00:00+05:30,2882.8181415798545,2897.324836882271,2855.0096064520744,2866.27197265625,39148,0.0,0.0
2020-12-29 00:00:00+05:30,2917.1149632968977,2917.1149632968977,2789.1029323767166,2842.31005859375,37495,0.0,0.0
2020-12-30 00:00:00+05:30,2860.9881176611075,2896.722127082075,2825.161548915923,2878.18310546875,24651,0.0,0.0
2020-12-31 00:00:00+05:30,2891.160553357369,2896.722260096755,2842.866309314465,2851.8115234375,33283,0.0,0.0
2021-01-01 00:00:00+05:30,2865.8545549989863,2907.706531259513,2846.8520582155543,2891.29931640625,38786,0.0,0.0
2021-01-04 00:00:00+05:30,2910.5803088265097,2922.213591382596,2892.412201504553,2913.036865234375,37409,0.0,0.0
2021-01-05 00:00:00+05:30,2912.7118848179907,2912.7118848179907,2827.2006519834104,2883.605712890625,30128,0.0,0.0
2021-01-06 00:00:00+05:30,2842.958971966727,2907.845547785987,2842.958971966727,2881.6591796875,31359,0.0,0.0
2021-01-07 00:00:00+05:30,2901.3106771914013,2910.626581415498,2887.3600172644137,2899.549560546875,17953,0.0,0.0
2021-01-08 00:00:00+05:30,2919.8959519499945,2919.8959519499945,2895.7952234577087,2902.56201171875,44992,0.0,0.0
2021-01-11 00:00:00+05:30,2905.9914051867413,2919.895670283329,2895.7949441159108,2910.95068359375,28259,0.0,0.0
2021-01-12 00:00:00+05:30,2919.8962763240147,3003.3218842189867,2911.6926676917647,2954.7958984375,121286,0.0,0.0
2021-01-13 00:00:00+05:30,2966.2435704003324,3003.275222213264,2948.6778920181528,2967.77294921875,86799,0.0,0.0
2021-01-14 00:00:00+05:30,2984.7826588243133,3019.4969336167446,2948.63156450936,2975.652099609375,47498,0.0,0.0
2021-01-15 00:00:00+05:30,2987.5633277990064,2994.0055925371657,2952.5709245646244,2967.216796875,33029,0.0,0.0
2021-01-18 00:00:00+05:30,2973.566155726578,2973.566155726578,2892.133642508587,2949.001953125,38525,0.0,0.0
2021-01-19 00:00:00+05:30,2944.1818560922493,3012.5908882938656,2919.0616186229354,2999.3818359375,75122,0.0,0.0
2021-01-20 00:00:00+05:30,3010.6903304086863,3034.6057104787774,2969.4410126182916,3009.9951171875,53395,0.0,0.0
2021-01-21 00:00:00+05:30,3024.595034378484,3040.399595831514,2966.2435081283065,3009.068603515625,182612,0.0,0.0
2021-01-22 00:00:00+05:30,3040.3994762142734,3058.567807509338,2984.828805439261,3043.597412109375,219062,0.0,0.0
2021-01-25 00:00:00+05:30,3086.7469532725518,3086.7469532725518,3025.614577642444,3059.216552734375,92348,0.0,0.0
2021-01-27 00:00:00+05:30,3049.6692540248982,3057.3166009384863,2973.659260459536,2994.376708984375,104247,0.0,0.0
2021-01-28 00:00:00+05:30,2966.2436573735827,3002.3019663109576,2953.9151619113372,2994.330322265625,63416,0.0,0.0
2021-01-29 00:00:00+05:30,3007.9562408811985,3032.381492250365,2990.344170441524,3009.439453125,38051,0.0,0.0
2021-02-01 00:00:00+05:30,3009.809892632558,3114.370010542113,2957.020078520439,3059.7724609375,65297,0.0,0.0
2021-02-02 00:00:00+05:30,3076.550676378772,3197.054318418314,3075.484773144836,3112.1455078125,56087,0.0,0.0
2021-02-03 00:00:00+05:30,3115.4827150486176,3152.514367039993,3082.112474720813,3141.020263671875,45568,0.0,0.0
2021-02-04 00:00:00+05:30,3139.5830764960156,3179.441969997441,3122.017400086318,3169.708984375,137076,0.0,0.0
2021-02-05 00:00:00+05:30,3170.1728839315615,3272.0447232172,3165.3527832874547,3205.118896484375,54438,0.0,0.0
2021-02-08 00:00:00+05:30,3239.6939329675592,3307.59309765708,3225.8360599748025,3261.570068359375,51521,0.0,0.0
2021-02-09 00:00:00+05:30,3291.6031694344947,3300.8726799088245,3245.5801404520107,3273.388671875,37267,0.0,0.0
2021-02-10 00:00:00+05:30,3267.5029610025153,3299.0193016192775,3244.9316088911687,3265.046630859375,28033,0.0,0.0
2021-02-11 00:00:00+05:30,3263.7480737741535,3309.215065523934,3235.0589856242377,3294.059326171875,18298,0.0,0.0
2021-02-12 00:00:00+05:30,3291.139574756166,3327.7541398041503,3269.449011554097,3285.670654296875,38824,0.0,0.0
2021-02-15 00:00:00+05:30,3285.114343300281,3335.633172789521,3282.843358612044,3301.104248046875,27831,0.0,0.0
2021-02-16 00:00:00+05:30,3300.8725890105247,3374.9358851383267,3290.9542583374014,3354.58935546875,29612,0.0,0.0
2021-02-17 00:00:00+05:30,3353.7090454101562,3356.9533742268877,3321.3121500586467,3337.02392578125,26436,0.0,0.0
2021-02-18 00:00:00+05:30,3337.070469833408,3345.3202443901246,3292.7157676205056,3322.28564453125,52328,0.0,0.0
2021-02-19 00:00:00+05:30,3322.2858069640915,3379.571208708506,3253.645026984884,3347.220703125,32639,0.0,0.0
2021-02-22 00:00:00+05:30,3348.1476286518805,3360.707862276466,3311.4866645884936,3337.99755859375,32256,0.0,0.0
2021-02-23 00:00:00+05:30,3337.9509320468687,3404.7841972988404,3311.48643271451,3384.761962890625,38894,0.0,0.0
2021-02-24 00:00:00+05:30,3384.2986072711005,3403.7645811830953,3306.52749725956,3366.59375,7281,0.0,0.0
2021-02-25 00:00:00+05:30,3375.029018604183,3482.694300372433,3375.029018604183,3446.589599609375,51595,0.0,0.0
2021-02-26 00:00:00+05:30,3337.023944437461,3452.8928313970955,3278.255335494103,3365.017822265625,65117,0.0,0.0
2021-03-01 00:00:00+05:30,3423.5086834143353,3423.5086834143353,3300.873002589286,3331.55517578125,76867,0.0,0.0
2021-03-02 00:00:00+05:30,3335.170107535461,3425.5478411332115,3332.3892541939913,3415.02685546875,23336,0.0,0.0
2021-03-03 00:00:00+05:30,3433.4265831564853,3452.753602474622,3383.371228002476,3396.765625,104592,0.0,0.0
2021-03-04 00:00:00+05:30,3355.5631185898033,3408.028643508006,3347.4522961346483,3373.68505859375,24759,0.0,0.0
2021-03-05 00:00:00+05:30,3374.1019389986654,3396.3487649700855,3297.721260352691,3329.005859375,38966,0.0,0.0
2021-03-08 00:00:00+05:30,3329.0059026183794,3350.835419841265,3300.038680925146,3326.456787109375,19338,0.0,0.0
2021-03-09 00:00:00+05:30,3326.82758041884,3360.197820846558,3326.456890492214,3351.71630859375,18152,0.0,0.0
2021-03-10 00:00:00+05:30,3381.332182604566,3381.332182604566,3318.5312471626535,3333.733154296875,59027,0.0,0.0
2021-03-12 00:00:00+05:30,3380.8224519606006,3380.8224519606006,3327.754500661747,3354.172607421875,39406,0.0,0.0
2021-03-15 00:00:00+05:30,3355.56291857675,3355.56291857675,3220.0427155794914,3235.291015625,35658,0.0,0.0
2021-03-16 00:00:00+05:30,3244.3751948221116,3325.90049759982,3226.43860077988,3246.970703125,26082,0.0,0.0
2021-03-17 00:00:00+05:30,3263.2386124317372,3271.2104825377082,3190.519342772341,3221.896728515625,19722,0.0,0.0
2021-03-18 00:00:00+05:30,3221.8503202484585,3373.1750889402692,3180.6473886745152,3279.3212890625,51932,0.0,0.0
2021-03-19 00:00:00+05:30,3279.5528007322655,3343.5124229059584,3114.555514545057,3178.51513671875,87375,0.0,0.0
2021-03-22 00:00:00+05:30,3177.403223639898,3202.6162498681665,3120.25654898357,3177.86669921875,20010,0.0,0.0
2021-03-23 00:00:00+05:30,3188.6651023596696,3229.497339877437,3153.7654871283876,3197.749267578125,20261,0.0,0.0
2021-03-24 00:00:00+05:30,3197.7496503780417,3198.3059115768147,3155.4805884641414,3177.2177734375,13357,0.0,0.0
2021-03-25 00:00:00+05:30,3160.9033960700885,3175.085793812276,2967.170607278696,3016.5771484375,48418,0.0,0.0
2021-03-26 00:00:00+05:30,3017.2260303517423,3058.9388326146695,2974.261753498353,3045.54443359375,38892,0.0,0.0
2021-03-30 00:00:00+05:30,3058.9385655523924,3121.2760257140285,2911.5533437575955,2963.64794921875,145669,0.0,0.0
2021-03-31 00:00:00+05:30,2963.6482222599843,3067.1886222264357,2963.6482222599843,3052.49658203125,57510,0.0,0.0
2021-04-01 00:00:00+05:30,3068.207830678855,3133.094401116172,3037.9429708474368,3094.811279296875,24520,0.0,0.0
2021-04-05 00:00:00+05:30,3132.16789144993,3132.16789144993,3035.76497321649,3050.59619140625,61876,0.0,0.0
2021-04-06 00:00:00+05:30,3005.175360938676,3105.2860762321297,3005.175360938676,3079.794921875,48446,0.0,0.0
2021-04-07 00:00:00+05:30,3083.039227155158,3137.7293397234544,3079.7948984434793,3110.337890625,28261,0.0,0.0
2021-04-08 00:00:00+05:30,3109.9211100788857,3150.614175065243,3109.9211100788857,3140.510498046875,52635,0.0,0.0
2021-04-09 00:00:00+05:30,3142.363914576523,3167.6697223357196,3107.0933834893913,3160.39306640625,39804,0.0,0.0
2021-04-12 00:00:00+05:30,3082.112464573948,3120.905459349877,2989.5563050024425,3040.353271484375,38914,0.0,0.0
2021-04-13 00:00:00+05:30,3025.6145029891113,3166.418271515542,3012.6835816030352,3087.673828125,25103,0.0,0.0
2021-04-15 00:00:00+05:30,3072.889255800214,3114.5556620294733,3031.130063939398,3097.036376953125,13012,0.0,0.0
2021-04-16 00:00:00+05:30,3041.7898972358216,3151.633597623585,3041.7898972358216,3131.472412109375,35668,0.0,0.0
2021-04-19 00:00:00+05:30,3049.669120860954,3105.2861868948926,2994.0520548270156,3091.01123046875,20006,0.0,0.0
2021-04-20 00:00:00+05:30,3042.624162485678,3150.428619343616,3042.624162485678,3130.962646484375,21140,0.0,0.0
2021-04-22 00:00:00+05:30,3116.4096782707165,3147.508933736042,3068.208219832264,3140.927490234375,14684,0.0,0.0
2021-04-23 00:00:00+05:30,3086.8399100391853,3188.8506962736533,3086.8399100391853,3161.45947265625,19975,0.0,0.0
2021-04-26 00:00:00+05:30,3170.1730100054897,3179.442521730652,3146.1186723399815,3172.907470703125,16429,0.0,0.0
2021-04-27 00:00:00+05:30,3188.526684291809,3188.665636444928,3128.460203130417,3144.82080078125,17091,0.0,0.0
2021-04-28 00:00:00+05:30,3161.3670472843055,3244.329179151171,3161.3670472843055,3205.304443359375,30801,0.0,0.0
2021-04-29 00:00:00+05:30,3256.379090831396,3395.4217505594656,3207.8069455556215,3254.33984375,145361,0.0,0.0
2021-04-30 00:00:00+05:30,3337.0235495230045,3382.4441478359563,3160.902862187068,3171.28466796875,80888,0.0,0.0
2021-05-03 00:00:00+05:30,3179.4422958382283,3214.666437891247,3097.2681707555325,3178.654296875,32657,0.0,0.0
2021-05-04 00:00:00+05:30,3186.857986180392,3230.424689307349,3157.427287791437,3205.258056640625,20952,0.0,0.0
2021-05-05 00:00:00+05:30,3204.516503748454,3243.402059052255,3161.0887520465158,3181.574462890625,16385,0.0,0.0
2021-05-06 00:00:00+05:30,3181.5742574313836,3205.999282761271,3167.7163839583072,3190.70458984375,14830,0.0,0.0
2021-05-07 00:00:00+05:30,3199.788675427141,3298.138273696064,3197.9811661162703,3267.224365234375,35605,0.0,0.0
2021-05-10 00:00:00+05:30,3276.772299769461,3292.8085998499864,3227.9684124750993,3266.992919921875,22421,0.0,0.0
2021-05-11 00:00:00+05:30,3258.2334321587728,3297.165382130513,3222.638596992901,3256.935791015625,35979,0.0,0.0
2021-05-12 00:00:00+05:30,3272.0911317034415,3290.676547323555,3221.1552118167197,3289.37890625,90657,0.0,0.0
2021-05-14 00:00:00+05:30,3290.676575813775,3290.676575813775,3184.077193780371,3248.22216796875,44997,0.0,0.0
2021-05-17 00:00:00+05:30,3253.598132399945,3309.2151944922516,3235.9860627373814,3297.02587890625,20657,0.0,0.0
2021-05-18 00:00:00+05:30,3323.119422368814,3355.562708221787,3303.0510232137503,3336.977294921875,52314,0.0,0.0
2021-05-19 00:00:00+05:30,3336.050641580642,3408.3992207498754,3311.115747322637,3381.193115234375,63361,0.0,0.0
2021-05-20 00:00:00+05:30,3388.0062208904337,3397.275731754703,3337.0239111369524,3358.204833984375,13371,0.0,0.0
2021-05-21 00:00:00+05:30,3360.197530908717,3393.3360306962995,3303.6535172851495,3326.132080078125,19259,0.0,0.0
2021-05-24 00:00:00+05:30,3325.900626605531,3371.5529693759663,3286.04172834911,3296.6552734375,46638,0.0,0.0
2021-05-25 00:00:00+05:30,3296.655067050534,3324.1854683963065,3281.406767305552,3300.03857421875,130069,0.0,0.0
2021-05-26 00:00:00+05:30,3317.3725563937237,3335.1699717934844,3289.7029762496913,3307.9638671875,34837,0.0,0.0
2021-05-27 00:00:00+05:30,3325.9005310029556,3358.900080528786,3310.3277073356376,3328.774169921875,12229,0.0,0.0
2021-05-28 00:00:00+05:30,3328.6815473977445,3354.033751627175,3246.18289584709,3256.518310546875,39430,0.0,0.0
2021-05-31 00:00:00+05:30,3288.822520913152,3299.9459341744137,3267.502645495733,3291.093505859375,133830,0.0,0.0
2021-06-01 00:00:00+05:30,3312.9233135605814,3322.934430950141,3204.470032170937,3249.7978515625,77518,0.0,0.0
2021-06-02 00:00:00+05:30,3254.571475313903,3278.208726696351,3235.0591107741707,3247.8046875,40415,0.0,0.0
2021-06-03 00:00:00+05:30,3270.2835586213578,3277.606381963047,3245.255878325786,3270.885986328125,19084,0.0,0.0
2021-06-04 00:00:00+05:30,3272.183630800926,3285.763373291536,3260.5039569359733,3269.680908203125,69042,0.0,0.0
2021-06-07 00:00:00+05:30,3281.4069223321862,3285.9952850555187,3225.3727731146623,3231.3515625,80677,0.0,0.0
2021-06-08 00:00:00+05:30,3244.3288335647376,3264.5364127036532,3226.7167627539575,3236.264404296875,23714,0.0,0.0
2021-06-09 00:00:00+05:30,3253.5983389085127,3253.5983389085127,3202.6160287546754,3228.060791015625,28033,0.0,0.0
2021-06-10 00:00:00+05:30,3238.8134878604624,3282.3337960944154,3238.8134878604624,3263.331298828125,33024,0.0,0.0
2021-06-11 00:00:00+05:30,3273.0642409465327,3308.149429605555,3246.7389209783364,3268.244140625,66008,0.0,0.0
2021-06-14 00:00:00+05:30,3267.5024351256566,3267.7805657005656,3223.889343177095,3242.938232421875,28252,0.0,0.0
2021-06-15 00:00:00+05:30,3242.938408718712,3288.822487961695,3235.105717220335,3276.030517578125,94902,0.0,0.0
2021-06-16 00:00:00+05:30,3286.041850819396,3313.8503855230865,3263.980368026515,3285.531982421875,24015,0.0,0.0
2021-06-17 00:00:00+05:30,3285.5316461282505,3295.7281078092687,3245.255667749511,3266.065673828125,19861,0.0,0.0
2021-06-18 00:00:00+05:30,3276.725684518477,3281.8703082887287,3213.4612731244065,3263.424072265625,72089,0.0,0.0
2021-06-21 00:00:00+05:30,3198.9082328008803,3258.2331029542433,3198.9082328008803,3251.419921875,13843,0.0,0.0
2021-06-22 00:00:00+05:30,3253.644603622636,3331.462099614167,3253.644603622636,3286.087890625,70824,0.0,0.0
2021-06-23 00:00:00+05:30,3287.663697025843,3425.0377998999606,3287.663697025843,3337.39453125,116052,0.0,0.0
2021-06-24 00:00:00+05:30,3393.5677409489085,3393.5677409489085,3337.023727783685,3351.993896484375,27149,0.0,0.0
2021-06-25 00:00:00+05:30,3358.9001396525,3420.44960296099,3347.4058100809175,3389.303955078125,21621,0.0,0.0
2021-06-28 00:00:00+05:30,3411.179953352629,3415.9074943540263,3367.1497773243004,3401.72509765625,12730,0.0,0.0
2021-06-29 00:00:00+05:30,3396.3489506394294,3398.0639007577115,3294.1989810643436,3319.921875,44642,0.0,0.0
2021-06-30 00:00:00+05:30,3335.12380546914,3362.9787324587573,3328.6815403140563,3350.233154296875,12985,0.0,0.0
2021-07-01 00:00:00+05:30,3324.0468399082647,3382.351977001483,3324.0468399082647,3353.4775390625,13824,0.0,0.0
2021-07-02 00:00:00+05:30,3346.293446673367,3456.600626771464,3346.293446673367,3408.399169921875,70307,0.0,0.0
2021-07-05 00:00:00+05:30,3429.719192880174,3503.365415152491,3407.4723656831134,3476.761962890625,41327,0.0,0.0
2021-07-06 00:00:00+05:30,3501.0938952294296,3602.9657186824384,3453.4948712888067,3580.023681640625,73242,0.0,0.0
2021-07-07 00:00:00+05:30,3547.4882398054224,3566.8614272034383,3480.7941536606754,3509.066162109375,26557,0.0,0.0
2021-07-08 00:00:00+05:30,3522.556678388642,3546.8210065723097,3522.556678388642,3535.766357421875,13057,40.0,0.0
2021-07-09 00:00:00+05:30,3556.2835554832186,3556.2835554832186,3516.935844911486,3527.2880859375,27232,0.0,0.0
2021-07-12 00:00:00+05:30,3538.483063670772,3625.6101287810134,3528.4588126769186,3588.464111328125,40082,0.0,0.0
2021-07-13 00:00:00+05:30,3606.8730740748542,3689.3158871965647,3597.5045725837504,3649.499755859375,53330,0.0,0.0
2021-07-14 00:00:00+05:30,3658.3531717131987,3677.137064116573,3604.062747937951,3652.357421875,71148,0.0,0.0
2021-07-15 00:00:00+05:30,3671.4688266057738,3671.4688266057738,3625.6100577950942,3643.972412109375,12851,0.0,0.0
2021-07-16 00:00:00+05:30,3643.972477776362,3764.6854837893384,3626.1723247170617,3729.881591796875,106907,0.0,0.0
2021-07-19 00:00:00+05:30,3723.979622089576,3803.6118907380323,3653.6689673794463,3668.330810546875,42148,0.0,0.0
2021-07-20 00:00:00+05:30,3690.3465272568583,3690.3465272568583,3546.6804648795755,3575.25439453125,27070,0.0,0.0
2021-07-22 00:00:00+05:30,3580.6414911269176,3699.761903456789,3576.004128346942,3622.237548828125,32070,0.0,0.0
2021-07-23 00:00:00+05:30,3695.8739792748784,3743.512902664313,3517.9193324052544,3595.20947265625,89977,0.0,0.0
2021-07-26 00:00:00+05:30,3631.0436524223096,3643.4100279605454,3584.6226843620566,3636.75830078125,18202,0.0,0.0
2021-07-27 00:00:00+05:30,3636.852175552325,3670.531891711633,3621.300372029524,3656.80712890625,23628,0.0,0.0
2021-07-28 00:00:00+05:30,3660.2268910667012,3678.823459269453,3597.879463695782,3648.0947265625,48520,0.0,0.0
2021-07-29 00:00:00+05:30,3653.8093739277774,3758.6428145799546,3630.996981208439,3743.981201171875,27374,0.0,0.0
2021-07-30 00:00:00+05:30,3747.4006750528706,3779.1598042846695,3713.9082815195857,3768.9951171875,21622,0.0,0.0
2021-08-02 00:00:00+05:30,3770.8217896404535,3822.3485470144224,3716.062945048571,3739.99951171875,34942,0.0,0.0
2021-08-03 00:00:00+05:30,3740.8428353714667,3765.0605044451045,3728.663782814535,3745.573974609375,31031,0.0,0.0
2021-08-04 00:00:00+05:30,3756.722372251294,3763.982961221099,3681.8212453332367,3705.05517578125,33234,0.0,0.0
2021-08-05 00:00:00+05:30,3705.242785958241,3741.779946173758,3644.394407190117,3703.509521484375,13009,0.0,0.0
2021-08-06 00:00:00+05:30,3743.5597138109038,3762.296718266972,3704.39955747628,3748.056640625,54754,0.0,0.0
2021-08-09 00:00:00+05:30,3756.7691212676436,3761.4533720422914,3691.1896104225725,3748.852783203125,54151,0.0,0.0
2021-08-10 00:00:00+05:30,3766.1376113024517,3766.1376113024517,3728.66360521984,3747.494384765625,93155,0.0,0.0
2021-08-11 00:00:00+05:30,3747.447874413259,3766.091102830105,3670.6261541970553,3747.775634765625,45823,0.0,0.0
2021-08-12 00:00:00+05:30,3746.464037432395,3822.348905407395,3709.1304645998594,3781.689697265625,29005,0.0,0.0
2021-08-13 00:00:00+05:30,3789.512402580138,3962.8765884408504,3759.11165747492,3932.428955078125,91001,0.0,0.0
2021-08-16 00:00:00+05:30,3958.192127071626,3967.560629147535,3826.0962478013066,3844.833251953125,70865,0.0,0.0
2021-08-17 00:00:00+05:30,3848.6272246177996,3911.3028680345733,3816.54033446216,3889.8486328125,37269,0.0,0.0
2021-08-18 00:00:00+05:30,3901.980540405529,3925.3551326237025,3851.9994976964244,3910.177978515625,48805,0.0,0.0
2021-08-20 00:00:00+05:30,3864.6012038024414,3901.981438700709,3828.6260156090634,3888.0224609375,48299,0.0,0.0
2021-08-23 00:00:00+05:30,3882.307156450928,3904.2293592331175,3823.2855949508294,3861.22802734375,71845,0.0,0.0
2021-08-24 00:00:00+05:30,3859.8228100157935,3920.671413263892,3795.180146449995,3858.979736328125,89292,0.0,0.0
2021-08-25 00:00:00+05:30,3869.1910089595667,3995.0097975314557,3869.1910089595667,3903.901123046875,149684,0.0,0.0
2021-08-26 00:00:00+05:30,3931.819865853417,3931.819865853417,3820.006702638831,3880.62109375,36317,0.0,0.0
2021-08-27 00:00:00+05:30,3906.4778899183316,3934.7709497258725,3869.191433897108,3930.0400390625,21280,0.0,0.0
2021-08-30 00:00:00+05:30,3965.6866501322374,4027.518759489367,3944.185756399965,3971.588623046875,39517,0.0,0.0
2021-08-31 00:00:00+05:30,3972.245048093476,4119.3305369025975,3950.322843798468,4081.622314453125,47450,0.0,0.0
2021-09-01 00:00:00+05:30,4079.982606616376,4118.0188160915595,4014.403092847571,4063.353515625,20847,0.0,0.0
2021-09-02 00:00:00+05:30,4084.7605901683264,4111.226607940323,3982.5968028496577,4014.496826171875,18049,0.0,0.0
2021-09-03 00:00:00+05:30,4023.7712018103457,4118.205509435415,4000.396608707207,4078.5302734375,24930,0.0,0.0
2021-09-06 00:00:00+05:30,4117.409394300748,4117.409394300748,3973.3215792007836,3980.91015625,43258,0.0,0.0
2021-09-07 00:00:00+05:30,3979.739683679672,4026.5821940807978,3964.0474426952946,4005.081298828125,30716,0.0,0.0
2021-09-08 00:00:00+05:30,4005.0350659662886,4089.3515936708422,3971.308454884467,4049.39501953125,30546,0.0,0.0
2021-09-09 00:00:00+05:30,4014.4025622299732,4065.3204551794943,3999.6471735823366,4013.793701171875,10653,0.0,0.0
2021-09-13 00:00:00+05:30,4024.708622542527,4037.684089828413,3982.878350904126,4011.030517578125,10999,0.0,0.0
2021-09-14 00:00:00+05:30,4056.5146254534534,4056.5146254534534,3989.9044860744875,4011.780029296875,10442,0.0,0.0
2021-09-15 00:00:00+05:30,4073.4244240236276,4073.4244240236276,4002.9264507237704,4031.828369140625,42277,0.0,0.0
2021-09-16 00:00:00+05:30,4035.9506696040976,4070.8949991548448,4027.472358255838,4046.490234375,21353,0.0,0.0
2021-09-17 00:00:00+05:30,4073.377411596625,4612.955930542417,4014.402517192825,4121.06298828125,845305,0.0,0.0
2021-09-20 00:00:00+05:30,4168.982899318254,4496.880430725307,4126.824645280203,4199.80517578125,413440,0.0,0.0
2021-09-21 00:00:00+05:30,4259.717126349726,4440.62297884531,4133.242358168202,4386.19189453125,343062,0.0,0.0
2021-09-22 00:00:00+05:30,4431.76932845397,4495.9435592961845,4354.479196417726,4421.18310546875,144092,0.0,0.0
2021-09-23 00:00:00+05:30,4459.406517410895,4666.684603960718,4409.285036595457,4639.28173828125,233872,0.0,0.0
2021-09-24 00:00:00+05:30,4679.565560818331,4695.913775635933,4543.722316310091,4581.80517578125,71950,0.0,0.0
2021-09-27 00:00:00+05:30,4664.57742926298,4777.936310351717,4608.132201282845,4677.787109375,181379,0.0,0.0
2021-09-28 00:00:00+05:30,4722.531561646361,4726.395264768628,4560.343609024163,4578.375,105439,90.0,0.0
2021-09-29 00:00:00+05:30,4581.332838615971,4595.071019682253,4436.31772169185,4495.9931640625,79366,0.0,0.0
2021-09-30 00:00:00+05:30,4535.538347684959,4619.398965656739,4507.870991336019,4587.62939453125,62195,0.0,0.0
2021-10-01 00:00:00+05:30,4564.350841173618,4674.7817571673695,4493.5603829855,4519.701171875,74284,0.0,0.0
2021-10-04 00:00:00+05:30,4567.880519013725,4721.57754959178,4543.838819483508,4689.521484375,85737,0.0,0.0
2021-10-05 00:00:00+05:30,4722.531085956821,4722.531085956821,4580.378130036101,4614.34228515625,44484,0.0,0.0
2021-10-06 00:00:00+05:30,4649.499594310549,4663.380789004382,4531.722329740346,4548.84765625,72861,0.0,0.0
2021-10-07 00:00:00+05:30,4590.872567348001,4615.677780721037,4503.100273874183,4523.13525390625,22876,0.0,0.0
2021-10-08 00:00:00+05:30,4572.698495143511,4572.698495143511,4484.019664588492,4499.85693359375,21606,0.0,0.0
2021-10-11 00:00:00+05:30,4492.701246107563,4560.34306152941,4457.401519480662,4484.73486328125,29110,0.0,0.0
2021-10-12 00:00:00+05:30,4484.0191334414585,4569.07229681461,4467.800340831139,4529.52734375,36062,0.0,0.0
2021-10-13 00:00:00+05:30,4569.884236866704,4573.700424120872,4493.560491783335,4514.64501953125,22211,0.0,0.0
2021-10-14 00:00:00+05:30,4536.921714816613,4587.056684210488,4499.95240397777,4527.57177734375,27294,0.0,0.0
2021-10-18 00:00:00+05:30,4565.066189202724,4576.180740687307,4499.761502735656,4553.951171875,29219,0.0,0.0
2021-10-19 00:00:00+05:30,4587.009192843029,4689.616733010773,4529.384397287056,4584.76708984375,60765,0.0,0.0
2021-10-20 00:00:00+05:30,4588.964470744871,4663.380110811004,4471.282721138334,4563.96826171875,21788,0.0,0.0
2021-10-21 00:00:00+05:30,4565.113410122318,4602.5122266950475,4486.452074220898,4515.64599609375,20080,0.0,0.0
2021-10-22 00:00:00+05:30,4517.411125024749,4579.185648856925,4475.814595731294,4529.2412109375,48576,0.0,0.0
2021-10-25 00:00:00+05:30,4529.909418402315,4564.922654247011,4440.706048231225,4517.8408203125,39884,0.0,0.0
2021-10-26 00:00:00+05:30,4517.936128515123,4558.435601432719,4486.977589421923,4508.34814453125,10372,0.0,0.0
2021-10-27 00:00:00+05:30,4531.674967818569,4722.531851563156,4508.443834127596,4563.5400390625,33423,0.0,0.0
2021-10-28 00:00:00+05:30,4550.803279609452,4565.113981746589,4512.641407243755,4552.568359375,16493,0.0,0.0
2021-10-29 00:00:00+05:30,4627.126728274129,4856.097947817591,4513.5951652504955,4607.759765625,165706,0.0,0.0
2021-11-01 00:00:00+05:30,4631.8966027617425,4658.085370303063,4516.456955195486,4544.83984375,53708,0.0,0.0
2021-11-02 00:00:00+05:30,4564.159490119603,4652.885834722681,4543.504471883318,4643.2978515625,22436,0.0,0.0
2021-11-03 00:00:00+05:30,4664.334624829922,4751.152880272655,4596.406308959448,4699.443359375,37958,0.0,0.0
2021-11-04 00:00:00+05:30,4717.7611968595575,4741.612365701112,4705.215575217528,4729.92529296875,6691,0.0,0.0
2021-11-08 00:00:00+05:30,4722.627041793885,4834.870551886958,4688.233375993183,4790.650390625,48440,0.0,0.0
2021-11-09 00:00:00+05:30,4770.329343955093,4856.098055339512,4751.152910725103,4788.07470703125,28775,0.0,0.0
2021-11-10 00:00:00+05:30,4740.181026158708,4856.097700140449,4740.181026158708,4839.87890625,28976,0.0,0.0
2021-11-11 00:00:00+05:30,4795.038848461128,4922.881109840712,4648.449662070252,4685.89599609375,48312,0.0,0.0
2021-11-12 00:00:00+05:30,4746.382434648798,4762.648744896626,4665.383961244221,4755.2548828125,27712,0.0,0.0
2021-11-15 00:00:00+05:30,4802.336624983262,4822.705613274211,4617.251582653846,4669.39013671875,31587,0.0,0.0
2021-11-16 00:00:00+05:30,4674.828964474859,4742.566282123373,4646.112064810174,4672.44384765625,14196,0.0,0.0
2021-11-17 00:00:00+05:30,4672.4440584344775,4754.9215880798865,4672.4440584344775,4703.16455078125,13178,0.0,0.0
2021-11-18 00:00:00+05:30,4703.164469249325,4739.179734210667,4584.194652695394,4665.431640625,11522,0.0,0.0
2021-11-22 00:00:00+05:30,4674.829237864952,4704.404688145322,4627.126898703064,4648.21142578125,69813,0.0,0.0
2021-11-23 00:00:00+05:30,4648.211412015344,4792.797015249564,4569.502552631329,4745.7626953125,24505,0.0,0.0
2021-11-24 00:00:00+05:30,4781.3960849817195,4781.3960849817195,4674.828881089832,4685.27587890625,18142,0.0,0.0
2021-11-25 00:00:00+05:30,4603.656963821646,4745.428400022714,4603.656963821646,4708.7451171875,13121,0.0,0.0
2021-11-26 00:00:00+05:30,4741.612934435736,4864.684980420085,4665.575212711228,4805.248046875,111567,0.0,0.0
2021-11-29 00:00:00+05:30,4805.247697539511,4851.041943878921,4665.288845827423,4713.3251953125,152223,0.0,0.0
2021-11-30 00:00:00+05:30,4738.1780253405195,4846.557837070413,4738.1780253405195,4806.296875,26991,0.0,0.0
2021-12-01 00:00:00+05:30,4828.430377100034,4975.258071925028,4751.1525939455,4948.11572265625,74613,0.0,0.0
2021-12-02 00:00:00+05:30,4980.124145987236,5146.986833112316,4949.594649306854,5101.2880859375,178403,0.0,0.0
2021-12-03 00:00:00+05:30,5101.288290559248,5218.636048131492,5101.288290559248,5174.4638671875,89750,0.0,0.0
2021-12-06 00:00:00+05:30,5229.129833689264,5272.634455304561,4926.458525581634,5011.845703125,120745,0.0,0.0
2021-12-07 00:00:00+05:30,5050.72312900522,5161.392543996645,4982.938298660214,5145.36474609375,60742,0.0,0.0
2021-12-08 00:00:00+05:30,5158.578827506668,5294.005964032151,5158.578827506668,5250.54931640625,74031,0.0,0.0
2021-12-09 00:00:00+05:30,5294.005271135241,5309.0315070372735,5184.051386201319,5216.58447265625,32267,0.0,0.0
2021-12-10 00:00:00+05:30,5151.852105702259,5399.90424412496,5151.852105702259,5321.8154296875,47629,0.0,0.0
2021-12-13 00:00:00+05:30,5400.285914248725,5400.285914248725,5224.359793763233,5262.14013671875,40832,0.0,0.0
2021-12-14 00:00:00+05:30,5255.8438597023505,5302.306125539982,5191.588714083009,5235.71337890625,23287,0.0,0.0
2021-12-15 00:00:00+05:30,5262.5218956238705,5302.591859296133,5194.784576082664,5226.4111328125,47380,0.0,0.0
2021-12-16 00:00:00+05:30,5284.464798319647,5286.277393924593,4873.318176734905,4901.4150390625,129861,0.0,0.0
2021-12-17 00:00:00+05:30,4926.697395435786,4959.850519853174,4776.10102343882,4804.9609375,119799,0.0,0.0
2021-12-20 00:00:00+05:30,4736.699233119306,4800.66788316858,4665.288738704856,4762.45849609375,117829,0.0,0.0
2021-12-21 00:00:00+05:30,4799.809410807688,4846.557703618179,4742.948128832828,4827.572265625,214270,0.0,0.0
2021-12-22 00:00:00+05:30,4831.292813733171,4980.12410894296,4831.292813733171,4946.064453125,25735,0.0,0.0
2021-12-23 00:00:00+05:30,4982.031800128514,5038.225056831124,4822.7535193769745,4850.7548828125,63676,0.0,0.0
2021-12-24 00:00:00+05:30,4889.393996816156,4903.800195617822,4776.100947549693,4790.888671875,58359,0.0,0.0
2021-12-27 00:00:00+05:30,4802.480072104462,4892.780964557551,4733.693677995678,4849.6103515625,38067,0.0,0.0
2021-12-28 00:00:00+05:30,4896.167233370178,4903.799606298268,4835.919282737677,4857.1943359375,30905,0.0,0.0
2021-12-29 00:00:00+05:30,4857.194828189037,4890.061923778768,4789.314497749126,4801.28759765625,22220,0.0,0.0
2021-12-30 00:00:00+05:30,4821.704969675156,4945.68307076162,4808.777356140584,4921.8798828125,29684,0.0,0.0
2021-12-31 00:00:00+05:30,4912.3869294995575,5333.121564556715,4903.609512680376,5182.4296875,49641,0.0,0.0
2022-01-03 00:00:00+05:30,5182.381679247183,5189.632527342587,5001.732843264595,5104.0068359375,39246,0.0,0.0
2022-01-04 00:00:00+05:30,5127.047085320927,5170.933234543994,4959.564369568842,5050.0078125,34151,0.0,0.0
2022-01-05 00:00:00+05:30,5046.811623351054,5156.622493390963,5037.414170041837,5117.26806640625,35681,0.0,0.0
2022-01-06 00:00:00+05:30,5108.9204754840575,5108.9204754840575,4980.1241609760555,5004.5478515625,29361,0.0,0.0
2022-01-07 00:00:00+05:30,5008.745733426025,5051.677839712534,4903.657570873349,4935.9521484375,41061,0.0,0.0
2022-01-10 00:00:00+05:30,4984.321977776806,5007.79162207959,4937.192159318322,4968.86669921875,26925,0.0,0.0
2022-01-11 00:00:00+05:30,4961.090791049081,5014.803904475197,4942.534860612731,4981.84130859375,23559,0.0,0.0
2022-01-12 00:00:00+05:30,5016.37775800604,5094.6095906717865,5008.7453840874305,5075.576171875,20239,0.0,0.0
2022-01-13 00:00:00+05:30,5113.690045301701,5123.230511804129,5052.869571348719,5107.01171875,11714,0.0,0.0
2022-01-14 00:00:00+05:30,5108.919754077027,5198.600138182207,5066.035171298007,5181.5703125,19882,0.0,0.0
2022-01-17 00:00:00+05:30,5227.651965202769,5264.430283291177,5185.244398276105,5243.48876953125,24577,0.0,0.0
2022-01-18 00:00:00+05:30,5264.4304215167895,5330.259652956562,5191.254843129801,5216.87109375,34526,0.0,0.0
2022-01-19 00:00:00+05:30,5246.77961914591,5294.958975590472,5140.403416302966,5187.19921875,20601,0.0,0.0
2022-01-20 00:00:00+05:30,5214.533807922336,5265.288818437536,5199.555086748015,5239.76806640625,17758,0.0,0.0
2022-01-21 00:00:00+05:30,5008.745282856141,5199.554626964947,5008.745282856141,5104.29296875,56300,0.0,0.0
2022-01-24 00:00:00+05:30,5133.964009691587,5169.406752845384,4770.233690770348,4844.84033203125,44253,0.0,0.0
2022-01-25 00:00:00+05:30,4865.63819520475,4994.4345003719345,4865.63819520475,4911.0029296875,65173,0.0,0.0
2022-01-27 00:00:00+05:30,4911.8618189135605,4964.143390671508,4865.638070902742,4877.18212890625,272837,0.0,0.0
2022-01-28 00:00:00+05:30,4885.672999642129,4933.184337495902,4846.31857448391,4884.00341796875,33312,0.0,0.0
2022-01-31 00:00:00+05:30,4932.421790173098,4932.898813557061,4894.259919456092,4923.21533203125,16286,0.0,0.0
2022-02-01 00:00:00+05:30,4961.043000001682,5033.1210441740695,4927.746862266451,4984.36962890625,25069,0.0,0.0
2022-02-02 00:00:00+05:30,5008.744920148296,5027.730355343669,4995.006741535936,5018.046875,9074,0.0,0.0
2022-02-03 00:00:00+05:30,5037.319308395625,5046.907291866168,4937.334929799463,4993.576171875,15893,0.0,0.0
2022-02-04 00:00:00+05:30,5046.860454548766,5046.860454548766,4892.829400187639,4927.07958984375,10385,0.0,0.0
2022-02-07 00:00:00+05:30,5003.9278173379835,5026.299934698977,4854.953040792927,4867.78515625,21856,0.0,0.0
2022-02-08 00:00:00+05:30,4893.401669734307,4959.659942312096,4850.421580705427,4935.42724609375,15655,0.0,0.0
2022-02-09 00:00:00+05:30,4951.455388424978,5006.408111568373,4899.077846298984,4973.87548828125,10440,0.0,0.0
2022-02-10 00:00:00+05:30,4980.1242126583775,5016.807497841754,4920.973312048259,4975.68798828125,18628,0.0,0.0
2022-02-11 00:00:00+05:30,4930.417212454864,5001.112156984124,4900.603256921527,4954.64990234375,15389,0.0,0.0
2022-02-14 00:00:00+05:30,4818.890309517811,4958.610647474334,4818.890309517811,4911.1943359375,21650,0.0,0.0
2022-02-15 00:00:00+05:30,4951.50273529336,4955.223424526975,4865.638526010817,4940.38818359375,13425,0.0,0.0
2022-02-16 00:00:00+05:30,4940.3878343626675,5099.379624143244,4940.3878343626675,5070.94921875,72640,0.0,0.0
2022-02-17 00:00:00+05:30,5108.873144945205,5119.415175844815,5042.328380033692,5114.8359375,16225,0.0,0.0
2022-02-18 00:00:00+05:30,5062.266705174143,5132.770655017763,4951.501802888883,5116.837890625,18341,0.0,0.0
2022-02-21 00:00:00+05:30,5023.055891871548,5129.9091226198125,4971.728365581504,5106.91650390625,21214,0.0,0.0
2022-02-22 00:00:00+05:30,4961.043297143273,5023.7243574463655,4914.486000230422,4959.80322265625,20940,0.0,0.0
2022-02-23 00:00:00+05:30,5007.791354414585,5037.319287450093,4943.870222628382,4987.42236328125,25473,0.0,0.0
2022-02-24 00:00:00+05:30,4913.340714764492,4913.340714764492,4813.690346357888,4869.78857421875,26601,0.0,0.0
2022-02-25 00:00:00+05:30,4886.627513144698,4999.1575150179615,4884.766935622233,4964.38232421875,16728,0.0,0.0
2022-02-28 00:00:00+05:30,4920.972938702513,4984.798570543427,4903.800097892771,4963.33251953125,14750,0.0,0.0
2022-03-02 00:00:00+05:30,4918.206748100037,4998.8712186412895,4848.131824356182,4867.2607421875,80782,0.0,0.0
2022-03-03 00:00:00+05:30,4922.880963535266,4922.880963535266,4818.1268223926345,4852.52001953125,57717,0.0,0.0
2022-03-04 00:00:00+05:30,4865.638272561666,4911.337017286316,4679.59916214019,4705.0244140625,19523,0.0,0.0
2022-03-07 00:00:00+05:30,4646.207802023041,4779.249811356629,4533.6777983862685,4624.07373046875,43534,0.0,0.0
2022-03-08 00:00:00+05:30,4580.379229394769,4759.74004904197,4560.344244221411,4705.359375,110628,0.0,0.0
2022-03-09 00:00:00+05:30,4730.163715638616,4865.638352109105,4667.721170449297,4762.36279296875,103423,0.0,0.0
2022-03-10 00:00:00+05:30,5008.745671959568,5008.745671959568,4752.918117140399,4773.287109375,27643,0.0,0.0
2022-03-11 00:00:00+05:30,4695.817904967418,4818.698934834925,4654.8893942914465,4690.6181640625,88030,0.0,0.0
2022-03-14 00:00:00+05:30,4693.909713528242,4785.355181908588,4693.909713528242,4769.5654296875,64027,0.0,0.0
2022-03-15 00:00:00+05:30,4764.461792627634,4775.957869239714,4650.977749209669,4730.306640625,19392,0.0,0.0
2022-03-16 00:00:00+05:30,4817.93563856407,4857.004035673428,4770.710328839532,4835.728515625,19443,0.0,0.0
2022-03-17 00:00:00+05:30,4829.3846855149895,4865.638462292858,4757.926676560925,4778.5341796875,56609,0.0,0.0
2022-03-21 00:00:00+05:30,4802.67075732049,4809.873623072604,4764.461375951985,4778.2470703125,15955,0.0,0.0
2022-03-22 00:00:00+05:30,4802.385852955726,4805.200011679447,4756.9251475211,4782.25537109375,37330,0.0,0.0
2022-03-23 00:00:00+05:30,4805.533618465627,4865.638565450605,4751.963985075424,4814.31103515625,19796,0.0,0.0
2022-03-24 00:00:00+05:30,4809.349590034511,4850.516613471715,4782.8747931443195,4825.234375,321942,0.0,0.0
2022-03-25 00:00:00+05:30,4852.281907304748,4900.74729723392,4747.47977569384,4769.4228515625,118798,0.0,0.0
2022-03-28 00:00:00+05:30,4806.486818330389,4827.141834256029,4751.152114983195,4793.03466796875,15346,0.0,0.0
2022-03-29 00:00:00+05:30,4803.625402116665,4884.719376134524,4779.774233287883,4815.646484375,39505,0.0,0.0
2022-03-30 00:00:00+05:30,4865.638229872157,4924.932139838152,4663.284829143556,4750.24609375,82933,0.0,0.0
2022-03-31 00:00:00+05:30,4803.62548537753,5003.92779101072,4753.15650442968,4780.77587890625,218364,0.0,0.0
2022-04-01 00:00:00+05:30,4798.855590360541,5228.176667032955,4798.855590360541,5150.755859375,329467,0.0,0.0
2022-04-04 00:00:00+05:30,5175.703435532167,5894.625152207869,5104.149931815132,5560.61376953125,331277,0.0,0.0
2022-04-05 00:00:00+05:30,5734.251059749838,6294.801098549375,5677.532788340001,5861.09130859375,793218,0.0,0.0
2022-04-06 00:00:00+05:30,5914.804242560252,6009.540905229054,5743.4093590706,5933.74169921875,346252,0.0,0.0
2022-04-07 00:00:00+05:30,5915.089426651718,6051.327106463809,5859.754719112073,5956.06591796875,165158,0.0,0.0
2022-04-08 00:00:00+05:30,5896.009088950696,6020.035170109853,5881.698387278486,5929.4482421875,71401,0.0,0.0
2022-04-11 00:00:00+05:30,5915.089362758185,5986.642863114132,5820.638742288337,5867.7685546875,58525,0.0,0.0
2022-04-12 00:00:00+05:30,5872.157696736103,5872.2052127359475,5362.9827642171995,5436.92138671875,284685,0.0,0.0
2022-04-13 00:00:00+05:30,5514.86724020831,5623.151546369307,5214.819537233565,5263.5234375,175474,0.0,0.0
2022-04-18 00:00:00+05:30,5238.098088217297,5245.25343871278,4937.191841882587,4965.24072265625,148805,0.0,0.0
2022-04-19 00:00:00+05:30,5036.413258097279,5129.90984822676,4873.748272208742,4952.7431640625,208772,0.0,0.0
2022-04-20 00:00:00+05:30,4984.894050466161,5051.820333879395,4887.724300065006,5015.51904296875,108941,0.0,0.0
2022-04-21 00:00:00+05:30,5023.0556842397855,5165.542646628008,4977.118430552537,5098.234375,103502,0.0,0.0
2022-04-22 00:00:00+05:30,5079.345141802901,5132.771762377838,4989.1877195826955,5051.009765625,38889,0.0,0.0
2022-04-25 00:00:00+05:30,4999.205553862533,5184.386142833599,4929.369137269008,5091.89111328125,111511,0.0,0.0
2022-04-26 00:00:00+05:30,5137.494737093911,5246.303593275842,5111.2584488933135,5220.25830078125,46172,0.0,0.0
2022-04-27 00:00:00+05:30,5133.725903315553,5189.967149307246,5067.9441891891,5121.46630859375,32665,0.0,0.0
2022-04-28 00:00:00+05:30,5185.244040639199,5314.040350756271,5138.209722615181,5265.00244140625,71126,0.0,0.0
2022-04-29 00:00:00+05:30,5287.327413135728,5356.829816309222,4882.811566298928,4931.8974609375,107854,0.0,0.0
2022-05-02 00:00:00+05:30,4932.420938531703,5123.230259171227,4927.650705515714,5080.6796875,135333,0.0,0.0
2022-05-04 00:00:00+05:30,5104.14936570002,5199.5540267411425,4957.655695008606,5022.005859375,58554,0.0,0.0
2022-05-05 00:00:00+05:30,5047.622778179345,5113.690514774142,4811.687206250993,4850.99365234375,162684,0.0,0.0
2022-05-06 00:00:00+05:30,4797.900642631716,4820.845278417225,4675.7826704191775,4789.552734375,47197,0.0,0.0
2022-05-09 00:00:00+05:30,4765.464060542917,4865.543482879974,4727.445200044422,4776.57861328125,40070,0.0,0.0
2022-05-10 00:00:00+05:30,4788.360425304882,4859.770914535285,4765.463304323149,4773.4296875,21680,0.0,0.0
2022-05-11 00:00:00+05:30,4773.430025925812,5017.33199084014,4541.26265000933,4875.560546875,74429,0.0,0.0
2022-05-12 00:00:00+05:30,4773.095163640508,4818.79390284015,4576.609079051879,4635.04443359375,78105,0.0,0.0
2022-05-13 00:00:00+05:30,4701.5426492914985,4751.582590489832,4646.112436820138,4712.9912109375,32276,0.0,0.0
2022-05-16 00:00:00+05:30,4722.531646892075,4801.8605449232555,4655.7483710774395,4681.88916015625,23795,0.0,0.0
2022-05-17 00:00:00+05:30,4722.530611395518,4768.324847627232,4675.782328575643,4723.38916015625,22783,0.0,0.0
2022-05-18 00:00:00+05:30,4723.389813132495,4817.935936258186,4641.723320727493,4676.83251953125,54962,0.0,0.0
2022-05-19 00:00:00+05:30,4627.125988895782,4648.162529992609,4562.250820391677,4589.20263671875,31247,0.0,0.0
2022-05-20 00:00:00+05:30,4669.104209784392,4720.622727832687,4625.218064780288,4696.58056640625,26994,0.0,0.0
2022-05-23 00:00:00+05:30,4703.307569211069,4751.15292162872,4627.12684134524,4696.6767578125,24898,0.0,0.0
2022-05-24 00:00:00+05:30,4698.918220579804,4768.993132728234,4650.977376849205,4704.83349609375,19749,0.0,0.0
2022-05-25 00:00:00+05:30,4708.316040212252,4746.239397164489,4650.977739425277,4670.6787109375,15410,0.0,0.0
2022-05-26 00:00:00+05:30,4704.213697568453,4722.531582163806,4641.437605500387,4678.83642578125,31101,0.0,0.0
2022-05-27 00:00:00+05:30,4718.1424952887155,4827.476341164343,4693.0032713711435,4780.39404296875,22598,0.0,0.0
2022-05-30 00:00:00+05:30,4822.706018411489,4843.599547755866,4760.692983555555,4805.8671875,16026,0.0,0.0
2022-05-31 00:00:00+05:30,4854.190078483456,4961.043319204789,4831.197457623894,4878.61376953125,51982,0.0,0.0
2022-06-01 00:00:00+05:30,4914.295363302466,4937.192487883957,4787.407131246704,4819.03369140625,13959,0.0,0.0
2022-06-02 00:00:00+05:30,4817.936391218768,4822.372615717296,4770.3295485613,4795.134765625,6514,0.0,0.0
2022-06-03 00:00:00+05:30,4857.147931772839,4865.638855430346,4742.7098276495135,4763.9853515625,8014,0.0,0.0
2022-06-06 00:00:00+05:30,4765.558808385764,4864.684168263338,4732.071675737626,4788.98046875,19018,0.0,0.0
2022-06-07 00:00:00+05:30,4770.2337143251025,4779.774181753753,4705.454033653195,4751.009765625,84372,0.0,0.0
2022-06-08 00:00:00+05:30,4751.057840785278,4765.702553180445,4677.691730792998,4711.60791015625,25144,0.0,0.0
2022-06-09 00:00:00+05:30,4711.607064496201,4736.841785622915,4680.267003604179,4719.6689453125,6669,0.0,0.0
2022-06-10 00:00:00+05:30,4758.78510003032,4802.67124970983,4714.66043866777,4772.09423828125,34808,0.0,0.0
2022-06-13 00:00:00+05:30,4750.151635649467,4750.151635649467,4579.424769619807,4701.447265625,13298,0.0,0.0
2022-06-14 00:00:00+05:30,4723.485477548793,4779.5832403288605,4666.481184015459,4686.6591796875,210550,0.0,0.0
2022-06-15 00:00:00+05:30,4712.943168311939,4836.205722088013,4686.754400135767,4737.7958984375,25626,0.0,0.0
2022-06-16 00:00:00+05:30,4712.990533949537,4780.870861123126,4532.771211761261,4556.19287109375,32071,0.0,0.0
2022-06-17 00:00:00+05:30,4556.1936822748485,4564.58957394327,4240.738188905445,4266.21142578125,90589,0.0,0.0
2022-06-20 00:00:00+05:30,4266.21097136034,4336.142410700613,4096.724196208174,4289.203125,42222,0.0,0.0
2022-06-21 00:00:00+05:30,4289.3940044896735,4502.050922798085,4289.2985066501315,4384.84619140625,49258,0.0,0.0
2022-06-22 00:00:00+05:30,4384.799209434896,4409.9384364522275,4260.391596574307,4280.80810546875,30000,0.0,0.0
2022-06-23 00:00:00+05:30,4307.52139344553,4363.810155840499,4237.875975567009,4281.953125,30775,0.0,0.0
2022-06-24 00:00:00+05:30,4317.061916244158,4456.352753762754,4317.061916244158,4444.6181640625,32210,0.0,0.0
2022-06-27 00:00:00+05:30,4475.4332085858605,4567.9282253585,4474.956185221057,4539.40185546875,17701,0.0,0.0
2022-06-28 00:00:00+05:30,4541.262636998275,4548.179476098746,4397.249090355366,4431.26123046875,12779,0.0,0.0
2022-06-29 00:00:00+05:30,4423.9142366592105,4721.576786117411,4250.277749475261,4325.17041015625,60047,0.0,0.0
2022-06-30 00:00:00+05:30,4432.137183469659,4664.296750222832,4319.127466032228,4398.75244140625,243411,25.0,0.0
2022-07-01 00:00:00+05:30,4350.497434773506,4465.713906585712,4327.569373277797,4383.49853515625,59937,0.0,0.0
2022-07-04 00:00:00+05:30,4409.065007428474,4470.510354000834,4370.307418459645,4395.05859375,23205,0.0,0.0
2022-07-05 00:00:00+05:30,4412.757979698479,4556.850579063797,4398.607759479281,4514.1123046875,38128,0.0,0.0
2022-07-06 00:00:00+05:30,4532.8681094074145,4604.818396858326,4510.323686006129,4589.3251953125,23909,0.0,0.0
2022-07-07 00:00:00+05:30,4641.272294616447,4662.377708109949,4593.305445767579,4656.09423828125,15189,0.0,0.0
2022-07-08 00:00:00+05:30,4664.296453717946,4686.888652502325,4613.451593157055,4638.8740234375,9693,0.0,0.0
2022-07-11 00:00:00+05:30,4638.8747488830095,4730.491445919164,4617.241883707311,4705.1650390625,20528,0.0,0.0
2022-07-12 00:00:00+05:30,4698.833009594025,4794.766717425671,4586.87818518397,4741.5712890625,25105,0.0,0.0
2022-07-13 00:00:00+05:30,4727.613092184743,4763.636011878251,4585.631205487637,4605.15380859375,18786,0.0,0.0
2022-07-14 00:00:00+05:30,4633.837802540877,4633.837802540877,4530.517014511252,4553.30126953125,53742,0.0,0.0
2022-07-15 00:00:00+05:30,4562.031559104764,4609.470966147762,4533.827142003968,4560.1611328125,9648,0.0,0.0
2022-07-18 00:00:00+05:30,4576.037972272376,4594.984880019206,4529.366315988866,4571.5771484375,29427,0.0,0.0
2022-07-19 00:00:00+05:30,4594.265418946616,4618.248846692213,4548.21723767507,4575.990234375,34259,0.0,0.0
2022-07-20 00:00:00+05:30,4606.784665837236,4658.9247324032185,4581.890148433889,4610.28662109375,114277,0.0,0.0
2022-07-21 00:00:00+05:30,4634.556652905546,4667.174108131956,4580.833785473811,4611.14892578125,96239,0.0,0.0
2022-07-22 00:00:00+05:30,4647.027917859271,4675.71199732514,4606.735768282456,4629.52001953125,13216,0.0,0.0
2022-07-25 00:00:00+05:30,4645.062236785642,4689.239520759431,4628.801286347024,4659.5478515625,16772,0.0,0.0
2022-07-26 00:00:00+05:30,4671.971282128424,4849.448630628169,4655.662552806826,4683.435546875,155554,0.0,0.0
2022-07-27 00:00:00+05:30,4679.646177414929,4721.857008043518,4628.9451201223765,4693.220703125,15073,0.0,0.0
2022-07-28 00:00:00+05:30,4710.344536897591,5031.722422816265,4710.344536897591,4976.560546875,244613,0.0,0.0
2022-07-29 00:00:00+05:30,5084.246632670818,5247.286154957592,4923.5098940912485,4993.25341796875,181921,0.0,0.0
2022-08-01 00:00:00+05:30,4993.349436276981,5056.665682731213,4892.619044190701,5042.41943359375,68298,0.0,0.0
2022-08-02 00:00:00+05:30,5082.566716676459,5119.453406549056,4974.16165080548,5088.6103515625,60851,0.0,0.0
2022-08-03 00:00:00+05:30,5089.282149785566,5101.75352922896,5029.275815295713,5066.1142578125,26182,0.0,0.0
2022-08-04 00:00:00+05:30,5070.095867985279,5151.639510138306,5070.095867985279,5127.56005859375,47523,0.0,0.0
2022-08-05 00:00:00+05:30,5123.8193294433295,5171.690155911451,4922.406322710023,5043.90673828125,91652,0.0,0.0
2022-08-08 00:00:00+05:30,5079.688817556752,5183.968924562444,5079.688817556752,5102.13720703125,40684,0.0,0.0
2022-08-10 00:00:00+05:30,5152.2627339622695,5152.2627339622695,5075.4197530111305,5144.9716796875,29517,0.0,0.0
2022-08-11 00:00:00+05:30,5144.9245313798665,5180.420001762312,5092.688442324915,5114.03369140625,23126,0.0,0.0
2022-08-12 00:00:00+05:30,5131.493687213551,5131.493687213551,5085.82915166788,5098.732421875,12330,0.0,0.0
2022-08-16 00:00:00+05:30,5131.493754117621,5142.9580189534,5097.0054006486735,5119.26220703125,13589,0.0,0.0
2022-08-17 00:00:00+05:30,5122.860052648239,5227.427795295927,5109.669167681213,5210.783203125,53154,0.0,0.0
2022-08-18 00:00:00+05:30,5235.869601783087,5468.221224334999,5233.039838521007,5306.09326171875,305032,0.0,0.0
2022-08-19 00:00:00+05:30,5306.092696787796,5366.962813937935,5164.446689102459,5277.07275390625,76121,0.0,0.0
2022-08-22 00:00:00+05:30,5228.626934545137,5246.038808909413,5137.250077425661,5180.32421875,39260,0.0,0.0
2022-08-23 00:00:00+05:30,5146.843311242983,5218.793590524106,5062.373870737464,5159.74658203125,50845,0.0,0.0
2022-08-24 00:00:00+05:30,5142.046466625742,5223.590113950964,5142.046466625742,5185.12060546875,28656,0.0,0.0
2022-08-25 00:00:00+05:30,5228.386907184114,5252.226526492038,5170.826684352729,5186.943359375,29322,0.0,0.0
2022-08-26 00:00:00+05:30,5247.525453012821,5250.451243404494,5181.37898147774,5193.130859375,15064,0.0,0.0
2022-08-29 00:00:00+05:30,5151.639511559376,5216.730618440028,5085.445260852189,5173.51220703125,32418,0.0,0.0
2022-08-30 00:00:00+05:30,5237.980154265182,5313.384138083267,5191.596115440966,5243.064453125,27211,0.0,0.0
2022-09-01 00:00:00+05:30,5228.386768949284,5563.195389566403,5194.809973185389,5500.31103515625,109981,0.0,0.0
2022-09-02 00:00:00+05:30,5552.6423348933695,5602.527856906924,5387.300515842039,5420.2060546875,58881,0.0,0.0
2022-09-05 00:00:00+05:30,5392.433894409541,5503.477164873498,5354.060410015948,5442.07958984375,47972,0.0,0.0
2022-09-06 00:00:00+05:30,5482.610853376947,5602.527976154221,5442.0788658782285,5583.29345703125,75888,0.0,0.0
2022-09-07 00:00:00+05:30,5525.781278301037,5602.672047368528,5519.977476655279,5542.18603515625,37033,0.0,0.0
2022-09-08 00:00:00+05:30,5592.934885005197,6417.964730820715,5532.49665211406,6114.0947265625,351890,0.0,0.0
2022-09-09 00:00:00+05:30,6283.657556613655,6551.312588414451,6260.777274726072,6389.80810546875,556651,0.0,0.0
2022-09-12 00:00:00+05:30,6389.808243217796,6517.112457418584,6288.454377335474,6362.08349609375,184014,0.0,0.0
2022-09-13 00:00:00+05:30,6362.323231307112,6427.845763583502,6294.210301659524,6351.48291015625,140551,0.0,0.0
2022-09-14 00:00:00+05:30,6350.811360785597,7003.160564008286,6315.843337448213,6853.83984375,527635,0.0,0.0
2022-09-15 00:00:00+05:30,6945.6000308738,7078.420428779461,6543.685598622822,6821.4619140625,428038,0.0,0.0
2022-09-16 00:00:00+05:30,6801.699601119297,6801.699601119297,6403.574730249832,6488.763671875,267398,0.0,0.0
2022-09-19 00:00:00+05:30,6553.230976505759,6676.985448174511,6493.032580403324,6601.24560546875,135196,0.0,0.0
2022-09-20 00:00:00+05:30,6676.985557610344,6753.6364906568515,6556.924625069314,6681.49462890625,107295,0.0,0.0
2022-09-21 00:00:00+05:30,6696.172609751429,6696.172609751429,6590.645534239587,6658.8544921875,73566,0.0,0.0
2022-09-22 00:00:00+05:30,6667.530038540254,6813.74780254333,6647.303247853162,6727.869140625,113935,110.0,0.0
2022-09-23 00:00:00+05:30,6762.083906803269,6794.251813524404,6638.334754044413,6675.8154296875,78763,0.0,0.0
2022-09-26 00:00:00+05:30,6628.490169386318,6666.555337373281,6487.1948779381755,6590.3759765625,82758,0.0,0.0
2022-09-27 00:00:00+05:30,6530.47471365518,6579.311538693991,6345.850524764483,6473.54736328125,106340,0.0,0.0
2022-09-28 00:00:00+05:30,6473.547089161024,6567.370144022001,6384.841655474283,6469.64794921875,89861,0.0,0.0
2022-09-29 00:00:00+05:30,6508.444579464795,6566.298166914031,5985.180159192179,6143.5341796875,149105,0.0,0.0
2022-09-30 00:00:00+05:30,6181.696832910472,6429.6820490063765,6025.2923846751255,6229.607421875,149659,0.0,0.0
2022-10-03 00:00:00+05:30,6271.2790427639,6456.92702886067,6249.200258604576,6343.16943359375,111747,0.0,0.0
2022-10-04 00:00:00+05:30,6418.9598859505595,6444.304298560235,6318.654594316123,6372.21875,67349,0.0,0.0
2022-10-06 00:00:00+05:30,6404.094042270361,6485.098774613673,6302.5702751403105,6440.40478515625,109654,0.0,0.0
2022-10-07 00:00:00+05:30,6472.5729254746775,6648.034239719474,6416.083939750934,6616.30517578125,223486,0.0,0.0
2022-10-10 00:00:00+05:30,6532.03433789584,6597.344933424719,6506.689927690602,6547.97216796875,77722,0.0,0.0
2022-10-11 00:00:00+05:30,6547.9722100475,6573.023899329812,6455.465207397764,6501.669921875,75812,0.0,0.0
2022-10-12 00:00:00+05:30,6491.678463241825,6589.107941142524,6444.206242022853,6494.6513671875,89427,0.0,0.0
2022-10-13 00:00:00+05:30,6515.463267569254,6521.311977863302,6440.4048187956405,6484.1240234375,87441,0.0,0.0
2022-10-14 00:00:00+05:30,6521.311839008653,6582.333476971104,6394.589785335838,6429.58447265625,80964,0.0,0.0
2022-10-17 00:00:00+05:30,6429.584635416378,6516.438078826149,6405.84852418372,6444.9375,83643,0.0,0.0
2022-10-18 00:00:00+05:30,6457.950595944184,6579.798720395961,6457.950595944184,6551.14013671875,87337,0.0,0.0
2022-10-19 00:00:00+05:30,6564.20166015625,6677.2767110291525,6531.0589728314335,6564.20166015625,112558,0.0,0.0
2022-10-20 00:00:00+05:30,6564.202798901772,6564.202798901772,6285.462811907887,6304.3740234375,126057,0.0,0.0
2022-10-21 00:00:00+05:30,6336.102754919586,6383.81867297703,6142.120532115125,6270.9873046875,114485,0.0,0.0
2022-10-24 00:00:00+05:30,6270.987343967033,6335.371705822989,6270.93831913321,6307.59033203125,3020,0.0,0.0
2022-10-25 00:00:00+05:30,6338.052269001557,6409.21157623581,6258.266019052588,6333.6171875,128602,0.0,0.0
2022-10-27 00:00:00+05:30,6412.136158347966,6438.455355106159,6336.102923268741,6414.13427734375,107344,0.0,0.0
2022-10-28 00:00:00+05:30,6433.581796277756,6496.942829119886,6342.634534909003,6430.02392578125,111374,0.0,0.0
2022-10-31 00:00:00+05:30,6496.1626416437,6531.059755621857,6432.460344206582,6492.6533203125,77196,0.0,0.0
2022-11-01 00:00:00+05:30,6496.942649517996,6594.421158888108,6480.419851792048,6544.2197265625,69437,0.0,0.0
2022-11-02 00:00:00+05:30,6544.219419343756,6566.152082922402,6482.3205687995805,6539.39404296875,55937,0.0,0.0
2022-11-03 00:00:00+05:30,6538.955634058446,6630.975246810036,6517.266666878509,6570.53857421875,193275,0.0,0.0
2022-11-04 00:00:00+05:30,6570.051585470355,6606.995845630997,6501.816628351226,6552.60302734375,51396,0.0,0.0
2022-11-07 00:00:00+05:30,6585.404312142813,6627.563766903598,6544.99928014043,6593.4462890625,91178,0.0,0.0
2022-11-09 00:00:00+05:30,6667.52983621248,6717.146300764711,6611.967087577376,6700.86767578125,196458,0.0,0.0
2022-11-10 00:00:00+05:30,6722.21523282052,6756.235135640498,6441.477140328173,6628.48974609375,134949,0.0,0.0
2022-11-11 00:00:00+05:30,6726.0169504743135,6899.772388361566,6498.1609414636805,6530.62109375,167671,0.0,0.0
2022-11-14 00:00:00+05:30,6562.691953013755,6596.614283155627,6402.43690628824,6493.53076171875,91262,0.0,0.0
2022-11-15 00:00:00+05:30,6518.874955319975,6579.799020322966,6439.965915940398,6479.59130859375,96193,0.0,0.0
2022-11-16 00:00:00+05:30,6521.311783486816,6638.042289626211,6394.5897308929025,6498.74560546875,164884,0.0,0.0
2022-11-17 00:00:00+05:30,6520.337517807751,6573.902149308268,6438.455569609837,6483.92919921875,88323,0.0,0.0
2022-11-18 00:00:00+05:30,6515.462734676382,6525.210584369195,6395.271938351684,6412.76904296875,89165,0.0,0.0
2022-11-21 00:00:00+05:30,6428.122129391565,6472.57242072776,6328.5964853789965,6377.9697265625,90589,0.0,0.0
2022-11-22 00:00:00+05:30,6361.446856065956,6433.580945454384,6348.092111291486,6420.080078125,75194,0.0,0.0
2022-11-23 00:00:00+05:30,6448.202900637236,6506.641452913552,6277.810669704997,6311.24560546875,84510,0.0,0.0
2022-11-24 00:00:00+05:30,6355.794048837256,6383.8676695478725,6227.219512371892,6356.8173828125,115427,0.0,0.0
2022-11-25 00:00:00+05:30,6381.9177867780745,6414.085693752822,6191.444881279025,6211.13525390625,109908,0.0,0.0
2022-11-28 00:00:00+05:30,6220.346941254159,6353.20994978406,6160.202514819386,6234.04248046875,327886,0.0,0.0
2022-11-29 00:00:00+05:30,6258.899575323868,6278.39527606431,5839.595886842658,5872.20263671875,255091,0.0,0.0
2022-11-30 00:00:00+05:30,5912.07113906872,6456.975964582226,5854.558822959066,6136.22314453125,4050056,0.0,0.0
2022-12-01 00:00:00+05:30,6112.877243579186,6188.910479905,6029.289422874846,6155.71923828125,252224,0.0,0.0
2022-12-02 00:00:00+05:30,6165.271742645697,6233.750392382186,6129.49694093658,6213.71875,93573,0.0,0.0
2022-12-05 00:00:00+05:30,6220.103196163951,6220.103196163951,6045.616678045576,6099.3759765625,114361,0.0,0.0
2022-12-06 00:00:00+05:30,6092.406309309241,6093.966060518273,5986.154743274888,6029.19140625,99310,0.0,0.0
2022-12-07 00:00:00+05:30,6063.162982443447,6102.544203084115,6028.119269673292,6058.8740234375,63133,0.0,0.0
2022-12-08 00:00:00+05:30,6053.415157909419,6110.342509611204,5987.129774537786,6019.6875,72988,0.0,0.0
2022-12-09 00:00:00+05:30,6070.132831218765,6131.934110254623,5957.886424164174,6053.22021484375,74044,0.0,0.0
2022-12-12 00:00:00+05:30,6044.641886095121,6087.532426812454,6024.171400752757,6053.90234375,59836,0.0,0.0
2022-12-13 00:00:00+05:30,6044.690083120557,6150.8930948528105,6044.690083120557,6095.9638671875,34601,0.0,0.0
2022-12-14 00:00:00+05:30,6107.95470149684,6128.52228570429,6019.297808967337,6089.9697265625,31561,0.0,0.0
2022-12-15 00:00:00+05:30,6063.2114034792185,6111.0248945300455,5965.879499522565,6006.43017578125,42805,0.0,0.0
2022-12-16 00:00:00+05:30,6004.675842420267,6010.52455265639,5897.4494880913335,5944.7265625,41137,0.0,0.0
2022-12-19 00:00:00+05:30,5944.726905358703,6010.524899309955,5936.880075727046,5961.78564453125,55702,0.0,0.0
2022-12-20 00:00:00+05:30,5963.7349612643875,6041.717765596056,5936.538553447571,6017.93310546875,92025,0.0,0.0
2022-12-21 00:00:00+05:30,6017.34804548053,6068.036867506286,5936.440887247114,5972.94677734375,18031,0.0,0.0
2022-12-22 00:00:00+05:30,5992.003621778096,6043.618679869256,5917.140321332456,5989.2744140625,32874,0.0,0.0
2022-12-23 00:00:00+05:30,5945.2140455952,5975.286259711272,5562.46478925553,5652.72998046875,44001,0.0,0.0
2022-12-26 00:00:00+05:30,5653.5095693051135,5729.884072836403,5556.274760987826,5640.49609375,32888,0.0,0.0
2022-12-27 00:00:00+05:30,5696.887254719966,5751.2315186461565,5638.254031973718,5717.74755859375,74705,0.0,0.0
2022-12-28 00:00:00+05:30,5702.492417534537,5726.862043250496,5685.921072047684,5706.63525390625,79283,0.0,0.0
2022-12-29 00:00:00+05:30,5702.492900458215,5726.813979370109,5650.683166992356,5703.955078125,41964,0.0,0.0
2022-12-30 00:00:00+05:30,5751.231533293754,5771.7020184122575,5512.994173108451,5596.82568359375,112738,0.0,0.0
2023-01-02 00:00:00+05:30,5600.1883814892235,5632.161615114311,5429.552457394529,5465.765625,141578,0.0,0.0
2023-01-03 00:00:00+05:30,5473.369725679047,5565.486916586363,5470.493919278884,5517.77099609375,52179,0.0,0.0
2023-01-04 00:00:00+05:30,5517.283143868154,5603.064224550203,5478.243194695441,5573.966796875,36403,0.0,0.0
2023-01-05 00:00:00+05:30,5582.983754283386,5583.812416762927,5451.046503656572,5544.1875,39152,0.0,0.0
2023-01-06 00:00:00+05:30,5551.400539595804,5560.75857072997,5508.6075735625645,5537.0224609375,20655,0.0,0.0
2023-01-09 00:00:00+05:30,5564.75555397193,5712.2403402882555,5552.229471001166,5691.57470703125,36557,0.0,0.0
2023-01-10 00:00:00+05:30,5687.919731366451,5730.7131789647965,5646.978756273919,5711.75341796875,21937,0.0,0.0
2023-01-11 00:00:00+05:30,5707.366717641228,5712.240643104628,5585.6161547593565,5629.82275390625,47499,0.0,0.0
2023-01-12 00:00:00+05:30,5662.8184432837725,5750.25685022774,5643.371767657991,5718.771484375,50702,0.0,0.0
2023-01-13 00:00:00+05:30,5744.700236698302,5846.760416347684,5683.6790766161785,5797.63134765625,19097,0.0,0.0
2023-01-16 00:00:00+05:30,5777.502230471424,5798.9475007844585,5566.022431246775,5670.27587890625,30910,0.0,0.0
2023-01-17 00:00:00+05:30,5677.5376103177505,5717.211549866614,5513.383912913535,5550.08447265625,45506,0.0,0.0
2023-01-18 00:00:00+05:30,5579.230597134451,5590.977042178159,5459.868457310074,5499.44482421875,34560,0.0,0.0
2023-01-19 00:00:00+05:30,5477.268458054807,5551.400668161165,5473.3693179893735,5508.65625,35073,0.0,0.0
2023-01-20 00:00:00+05:30,5535.803700461804,5535.803700461804,5419.95041460061,5440.4208984375,34072,0.0,0.0
2023-01-23 00:00:00+05:30,5458.796006543828,5671.347685660933,5429.552456508772,5641.373046875,25617,0.0,0.0
2023-01-24 00:00:00+05:30,5641.373498721459,5763.270658462496,5605.4040244912085,5742.361328125,28854,0.0,0.0
2023-01-25 00:00:00+05:30,5707.366313699059,5747.332499670308,5566.022485264154,5597.84912109375,9566,0.0,0.0
2023-01-27 00:00:00+05:30,5580.644640813532,5795.097360635187,5580.644640813532,5756.10595703125,30246,0.0,0.0
2023-01-30 00:00:00+05:30,5751.231720690589,5895.158636269613,5744.944166811623,5847.248046875,47849,0.0,0.0
2023-01-31 00:00:00+05:30,5801.140717427205,5833.746990292608,5683.191731714781,5735.58642578125,39727,0.0,0.0
2023-02-01 00:00:00+05:30,5821.611054424384,5946.188384619373,5736.609613686068,5928.83740234375,103912,0.0,0.0
2023-02-02 00:00:00+05:30,5946.1880312577705,5968.803231862693,5774.625884782136,5880.87744140625,52374,0.0,0.0
2023-02-03 00:00:00+05:30,5910.31641850472,5910.31641850472,5809.718419246849,5872.2998046875,18149,0.0,0.0
2023-02-06 00:00:00+05:30,5868.205653657214,5906.61208716006,5763.172570736688,5771.75048828125,24477,0.0,0.0
2023-02-07 00:00:00+05:30,5800.653343994678,5946.188555464497,5746.455202295284,5925.18212890625,59468,0.0,0.0
2023-02-08 00:00:00+05:30,5954.815794047935,5955.936701670272,5913.435977966954,5936.53857421875,16688,0.0,0.0
2023-02-09 00:00:00+05:30,5917.5786907602305,6014.423679397871,5873.079849006835,5908.46435546875,11981,0.0,0.0
2023-02-10 00:00:00+05:30,5932.493133853753,5965.684373682373,5873.079795986323,5959.2021484375,21183,0.0,0.0
2023-02-13 00:00:00+05:30,5966.6593665475775,5994.928133355269,5804.845046200102,5878.9287109375,15021,0.0,0.0
2023-02-14 00:00:00+05:30,5839.059873800272,5897.449401607461,5811.668319402262,5877.46630859375,12346,0.0,0.0
2023-02-15 00:00:00+05:30,5866.499852376309,5893.891406192144,5837.012605994988,5859.18896484375,17161,0.0,0.0
2023-02-16 00:00:00+05:30,5859.188938280175,5873.177198222901,5835.64797572591,5845.78564453125,7038,0.0,0.0
2023-02-17 00:00:00+05:30,5845.786163261568,5897.4497728418355,5812.692019189892,5861.8701171875,21922,0.0,0.0
2023-02-20 00:00:00+05:30,5874.055050551714,5945.116789606979,5802.798164087472,5898.57080078125,21694,0.0,0.0
2023-02-21 00:00:00+05:30,5989.079328403361,5989.079328403361,5861.431036118778,5926.0595703125,27263,0.0,0.0
2023-02-22 00:00:00+05:30,5898.57072120139,5913.338620168707,5847.979470060928,5883.3154296875,9943,0.0,0.0
2023-02-23 00:00:00+05:30,5873.128484891334,5941.3148896400435,5838.670214091884,5868.44970703125,11772,0.0,0.0
2023-02-24 00:00:00+05:30,5926.644423799794,5965.684373799458,5860.9435321103265,5949.4052734375,21928,0.0,0.0
2023-02-27 00:00:00+05:30,5946.189213820568,5961.2983831343745,5858.458553288789,5933.41943359375,17275,0.0,0.0
2023-02-28 00:00:00+05:30,5895.499822734889,6370.220129228257,5843.007554020161,6096.45166015625,178171,0.0,0.0
2023-03-01 00:00:00+05:30,6219.128841273006,6236.626423933579,6083.194870804491,6144.7529296875,31397,0.0,0.0
2023-03-02 00:00:00+05:30,6141.048066284034,6170.389190646678,6060.238483135923,6075.9326171875,10564,0.0,0.0
2023-03-03 00:00:00+05:30,6092.357606800383,6137.246264967608,5960.712609007302,5997.5107421875,13976,0.0,0.0
2023-03-06 00:00:00+05:30,6014.131061629349,6233.749926510268,5999.801532082987,6152.8427734375,49983,0.0,0.0
2023-03-08 00:00:00+05:30,6141.1459664968725,6218.202536212588,6096.988393030248,6195.490234375,19369,0.0,0.0
2023-03-09 00:00:00+05:30,6145.532264505448,6222.588831276784,6044.54443949912,6096.54931640625,13013,0.0,0.0
2023-03-10 00:00:00+05:30,6049.12615057017,6049.12615057017,5892.283332538861,5913.2412109375,28529,0.0,0.0
2023-03-13 00:00:00+05:30,5930.494664785555,6019.200104250064,5775.649964548436,5857.14208984375,28975,0.0,0.0
2023-03-14 00:00:00+05:30,5886.435063715354,6102.1062703862835,5774.334775502216,5974.11669921875,111690,0.0,0.0
2023-03-15 00:00:00+05:30,5975.4322195462355,6040.499120142436,5858.604138787521,5888.77392578125,17665,0.0,0.0
2023-03-16 00:00:00+05:30,5892.526947690194,5990.395269345643,5849.733504168934,5959.2021484375,24489,0.0,0.0
2023-03-17 00:00:00+05:30,5977.382142941047,6011.060777249782,5762.149786498788,5834.81982421875,40044,0.0,0.0
2023-03-20 00:00:00+05:30,5799.9711166262905,6024.123131933025,5736.610087621129,5784.130859375,46701,0.0,0.0
2023-03-21 00:00:00+05:30,5870.887129076334,5918.895296625545,5692.745146952105,5876.73583984375,42622,0.0,0.0
2023-03-22 00:00:00+05:30,5876.003834586077,5941.022182864758,5851.78033274169,5884.533203125,13575,0.0,0.0
2023-03-23 00:00:00+05:30,5858.457683857924,5992.978010043014,5858.457683857924,5880.341796875,44559,0.0,0.0
2023-03-24 00:00:00+05:30,5873.079917987685,5906.41775703849,5827.167447003423,5882.0966796875,13838,0.0,0.0
2023-03-27 00:00:00+05:30,5907.1004531088765,5931.421533062461,5869.181405853363,5889.9931640625,16474,0.0,0.0
2023-03-28 00:00:00+05:30,5865.769163479107,5963.735063093506,5848.905572142148,5909.0009765625,27052,0.0,0.0
2023-03-29 00:00:00+05:30,5887.7993996692885,5986.544936925718,5673.249110452976,5718.8203125,89796,0.0,0.0
2023-03-31 00:00:00+05:30,5747.430353603264,5829.2147258846135,5692.8909384808985,5770.8251953125,31478,0.0,0.0
2023-04-03 00:00:00+05:30,5785.251820711184,5801.189651810454,5624.509857751955,5672.76171875,41060,0.0,0.0
2023-04-05 00:00:00+05:30,5724.327881404135,5770.67919812923,5656.288072342469,5739.7783203125,24463,0.0,0.0
2023-04-06 00:00:00+05:30,5763.075275581481,5802.895339635422,5723.937751442834,5784.86181640625,13631,0.0,0.0
2023-04-10 00:00:00+05:30,5775.600706003149,5819.661175194433,5734.708287832036,5762.97705078125,13211,0.0,0.0
2023-04-11 00:00:00+05:30,5763.903848005348,5914.995526754008,5763.903848005348,5878.05126953125,41425,0.0,0.0
2023-04-12 00:00:00+05:30,5878.100146264568,5906.2227909747835,5843.007883436529,5887.068359375,51074,0.0,0.0
2023-04-13 00:00:00+05:30,5887.116687541292,5926.693055440884,5770.922596114861,5799.43505859375,28349,0.0,0.0
2023-04-17 00:00:00+05:30,5802.895349584017,5965.684451445352,5802.895349584017,5943.556640625,28375,0.0,0.0
2023-04-18 00:00:00+05:30,5955.936797696539,6483.2955223371,5943.556836878265,6189.5439453125,428643,0.0,0.0
2023-04-19 00:00:00+05:30,6189.543977301751,6228.876650405443,6107.077064482809,6156.3037109375,37648,0.0,0.0
2023-04-20 00:00:00+05:30,6189.836006615446,6287.363052412859,6150.8931567015725,6239.84228515625,52034,0.0,0.0
2023-04-21 00:00:00+05:30,6253.197567913387,6303.886390683842,6170.389387249715,6202.75244140625,16891,0.0,0.0
2023-04-24 00:00:00+05:30,6204.555354986909,6336.102787084938,6202.7523834306085,6323.3330078125,32240,0.0,0.0
2023-04-25 00:00:00+05:30,6333.1786126749175,6349.749958898632,6253.197687906404,6331.5703125,23027,0.0,0.0
2023-04-26 00:00:00+05:30,6363.396851072951,6409.211748744586,6326.403567778042,6372.7548828125,26571,0.0,0.0
2023-04-27 00:00:00+05:30,6350.627197864912,6512.539094218732,6347.3615726657235,6482.564453125,32817,0.0,0.0
2023-04-28 00:00:00+05:30,6499.866541382065,6769.88199308615,6432.411227319555,6675.279296875,57756,0.0,0.0
2023-05-02 00:00:00+05:30,6706.520808311846,6862.486408505145,6641.989850844173,6717.2919921875,58293,0.0,0.0
2023-05-03 00:00:00+05:30,6717.292158539483,6822.520392413545,6658.1715419459515,6770.0771484375,48549,0.0,0.0
2023-05-04 00:00:00+05:30,6760.133813992673,6762.570776434632,6648.033541662586,6680.8349609375,23007,0.0,0.0
2023-05-05 00:00:00+05:30,6711.394622170666,6821.691448036894,6614.549638710639,6642.57470703125,21428,0.0,0.0
2023-05-08 00:00:00+05:30,6643.160104458619,6724.554655995273,6632.486017791557,6668.943359375,24006,0.0,0.0
2023-05-09 00:00:00+05:30,6668.9918015858375,6751.604833111731,6668.943252721901,6741.0283203125,17850,0.0,0.0
2023-05-10 00:00:00+05:30,6677.277296792101,6756.33245603994,6677.277296792101,6727.43017578125,16745,0.0,0.0
2023-05-11 00:00:00+05:30,6727.089385883512,6770.808591753553,6688.975194202724,6746.43896484375,21872,0.0,0.0
2023-05-12 00:00:00+05:30,6726.0168495564385,6747.7058169336315,6668.553080432305,6716.5126953125,23330,0.0,0.0
2023-05-15 00:00:00+05:30,6648.034050451758,6714.270885081135,6487.292090672078,6531.693359375,29542,0.0,0.0
2023-05-16 00:00:00+05:30,6531.985618015662,6564.202071295376,6443.864674833819,6465.45654296875,25344,0.0,0.0
2023-05-17 00:00:00+05:30,6465.456962893229,6495.918995570841,6249.346927877474,6289.1669921875,34563,0.0,0.0
2023-05-18 00:00:00+05:30,6336.102838608533,6345.80214026457,6127.791082588421,6169.1708984375,20865,0.0,0.0
2023-05-19 00:00:00+05:30,6208.405939286139,6208.405939286139,6120.723834274666,6139.68359375,20910,0.0,0.0
2023-05-22 00:00:00+05:30,6160.641569720536,6311.733253788049,6137.782669711002,6285.9990234375,19346,0.0,0.0
2023-05-23 00:00:00+05:30,6310.7580977131565,6511.563807958586,6306.858957708391,6473.93701171875,39458,0.0,0.0
2023-05-24 00:00:00+05:30,6478.129439112905,6790.352911900883,6444.840147636732,6759.5986328125,111285,0.0,0.0
2023-05-25 00:00:00+05:30,6726.016391488389,6766.957360827883,6644.232026501673,6747.75390625,36611,0.0,0.0
2023-05-26 00:00:00+05:30,6745.5119868497895,6950.119256690594,6726.016287465831,6916.3916015625,67649,0.0,0.0
2023-05-29 00:00:00+05:30,6916.050949499382,7042.821546956913,6822.520139398122,7032.1474609375,62748,0.0,0.0
2023-05-30 00:00:00+05:30,7067.191842653954,7107.450276142327,6838.117348443792,6899.52880859375,74519,0.0,0.0
2023-05-31 00:00:00+05:30,6891.730309106789,7300.116696524238,6756.235187046556,7081.7158203125,181345,0.0,0.0
2023-06-01 00:00:00+05:30,7081.715414192532,7112.275018976225,6750.3860896228,6816.76904296875,73859,0.0,0.0
2023-06-02 00:00:00+05:30,6857.612311709522,6906.351560548965,6757.550729035993,6813.6494140625,48818,0.0,0.0
2023-06-05 00:00:00+05:30,6813.747284846943,6876.279648640637,6726.016633110717,6745.3662109375,26562,0.0,0.0
2023-06-06 00:00:00+05:30,6787.184410423502,6872.234403574118,6749.752760780863,6796.201171875,23430,0.0,0.0
2023-06-07 00:00:00+05:30,6833.243073022354,6842.990923340502,6768.565990967585,6815.89208984375,20319,0.0,0.0
2023-06-08 00:00:00+05:30,6842.942575358282,6842.942575358282,6638.140138967936,6665.775390625,17536,0.0,0.0
2023-06-09 00:00:00+05:30,6701.549554344451,6701.647128041983,6564.25098671646,6582.6748046875,20969,0.0,0.0
2023-06-12 00:00:00+05:30,6627.56321441659,6661.680689413586,6579.798749420795,6600.80517578125,14062,0.0,0.0
2023-06-13 00:00:00+05:30,6635.361915900731,6794.154307279557,6600.805595071026,6759.98828125,22553,0.0,0.0
2023-06-14 00:00:00+05:30,6819.596170459366,6852.738861968173,6781.969372552573,6815.40478515625,20170,0.0,0.0
2023-06-15 00:00:00+05:30,6815.404873131897,6846.841691218843,6727.722766870678,6811.65185546875,12764,0.0,0.0
2023-06-16 00:00:00+05:30,6845.817876462649,6845.817876462649,6677.277635427962,6716.85400390625,34756,0.0,0.0
2023-06-19 00:00:00+05:30,6752.237917021586,6836.21554703705,6735.764146213837,6813.89306640625,21007,0.0,0.0
2023-06-20 00:00:00+05:30,6823.495468403311,6845.428132408893,6732.499187212964,6824.8115234375,14894,0.0,0.0
2023-06-21 00:00:00+05:30,6825.542529549735,6850.7893672831215,6793.715892694387,6827.9794921875,24527,0.0,0.0
2023-06-22 00:00:00+05:30,6851.763825415079,6851.763825415079,6679.226878893743,6711.1025390625,7235,0.0,0.0
2023-06-23 00:00:00+05:30,6716.269707808799,6734.790625725833,6614.843502971922,6660.0244140625,7487,0.0,0.0
2023-06-26 00:00:00+05:30,6677.277378542056,6813.747281169192,6649.593579202971,6785.478515625,14789,0.0,0.0
2023-06-27 00:00:00+05:30,6818.62125568781,6825.444750868627,6750.434852743232,6784.64990234375,6752,0.0,0.0
2023-06-28 00:00:00+05:30,6823.49473369447,6905.376670498803,6767.29847583153,6812.6259765625,45092,0.0,0.0
2023-06-30 00:00:00+05:30,6819.609210684629,6870.880796473108,6772.732332249449,6840.65478515625,16134,13.0,0.0
2023-07-03 00:00:00+05:30,6904.475218869639,6914.338989918593,6739.527312066131,6821.02490234375,13660,0.0,0.0
2023-07-04 00:00:00+05:30,6845.977747394587,7075.479141208813,6832.842264112493,6972.30126953125,92127,0.0,0.0
2023-07-05 00:00:00+05:30,7009.118180445074,7044.178558659312,6847.051434324324,7003.9423828125,31695,0.0,0.0
2023-07-06 00:00:00+05:30,6953.403653079364,7030.408787501924,6871.369115599214,6986.41259765625,40825,0.0,0.0
2023-07-07 00:00:00+05:30,6972.935037617377,7017.95646425391,6933.968731307818,6983.287109375,25182,0.0,0.0
2023-07-10 00:00:00+05:30,6968.101017564249,7029.187733426855,6881.2325918289025,7008.77685546875,29197,0.0,0.0
2023-07-11 00:00:00+05:30,7029.236353161043,7053.016697297064,6914.33927123556,7009.26513671875,34555,0.0,0.0
2023-07-12 00:00:00+05:30,7021.765186940551,7300.0966303728255,6992.906801706116,7228.072265625,61507,0.0,0.0
2023-07-13 00:00:00+05:30,7228.12120907136,7260.54457283398,7173.1873692405825,7235.05517578125,16884,0.0,0.0
2023-07-14 00:00:00+05:30,7273.142487367791,7412.4059675845665,7148.723541860214,7358.44873046875,56494,0.0,0.0
2023-07-17 00:00:00+05:30,7375.9787953346795,7397.17076307978,7257.32170575639,7280.857421875,17496,0.0,0.0
2023-07-18 00:00:00+05:30,7310.155826075957,7313.036991562239,7163.372795126901,7186.61572265625,16061,0.0,0.0
2023-07-19 00:00:00+05:30,7216.109266260932,7304.980012401105,7187.836459026584,7282.17626953125,31590,0.0,0.0
2023-07-20 00:00:00+05:30,7324.511954097771,7324.511954097771,7216.011421646486,7294.2373046875,15638,0.0,0.0
2023-07-21 00:00:00+05:30,7256.150041474674,7309.863130610759,7227.9263500089655,7242.8681640625,8933,0.0,0.0
2023-07-24 00:00:00+05:30,7254.392189124909,7279.441924770394,7180.072712062684,7254.29443359375,14960,0.0,0.0
2023-07-25 00:00:00+05:30,7243.45401911468,7368.849568350998,7235.885356764925,7328.51611328125,17851,0.0,0.0
2023-07-26 00:00:00+05:30,7373.342041780823,7461.2361853252305,7226.8518025401445,7252.68310546875,20428,0.0,0.0
2023-07-27 00:00:00+05:30,7311.229822763315,7421.195253780793,7276.072166606437,7373.830078125,22799,0.0,0.0
2023-07-28 00:00:00+05:30,7421.196097261564,7421.196097261564,7316.748357814994,7360.35400390625,13331,0.0,0.0
2023-07-31 00:00:00+05:30,7337.744732077541,7393.215988853118,7251.755152278245,7366.994140625,23607,0.0,0.0
2023-08-01 00:00:00+05:30,7366.99430633089,7366.99430633089,7187.836548743235,7257.90771484375,48841,0.0,0.0
2023-08-02 00:00:00+05:30,7183.930031811832,7323.53542171885,7081.533735210793,7280.32080078125,46840,0.0,0.0
2023-08-03 00:00:00+05:30,7280.321112517233,7336.231556689286,7207.320139558963,7270.16455078125,42321,0.0,0.0
2023-08-04 00:00:00+05:30,7224.898763196447,7323.535526522054,7197.553917918061,7221.529296875,11767,0.0,0.0
2023-08-07 00:00:00+05:30,7250.290197535921,7314.745902417032,7172.259825937461,7287.69384765625,16998,0.0,0.0
2023-08-08 00:00:00+05:30,7287.69324860062,7314.598906282613,7226.851165342985,7285.69140625,16999,0.0,0.0
2023-08-09 00:00:00+05:30,7285.350562136525,7373.342466277529,7228.561271492676,7278.8076171875,31575,0.0,0.0
2023-08-10 00:00:00+05:30,7291.307454818557,7324.267758408179,7251.364545247121,7275.73046875,20804,0.0,0.0
2023-08-11 00:00:00+05:30,7275.730492081138,7284.666778123532,7052.28423880916,7089.78564453125,14144,0.0,0.0
2023-08-14 00:00:00+05:30,7080.995925164379,7158.48935344088,6989.293135093864,7129.2890625,25277,0.0,0.0
2023-08-16 00:00:00+05:30,7129.289010504419,7256.14945541013,7080.3611778900995,7211.0302734375,25828,0.0,0.0
2023-08-17 00:00:00+05:30,7249.020730419327,7249.069369755776,6933.871210166853,6979.771484375,44949,0.0,0.0
2023-08-18 00:00:00+05:30,6983.1414132944465,7047.108820950909,6738.551340909785,6780.74072265625,44951,0.0,0.0
2023-08-21 00:00:00+05:30,6780.74027891458,6874.200763978112,6773.854951663951,6837.96875,16144,0.0,0.0
2023-08-22 00:00:00+05:30,6874.006013697508,6927.035290923018,6822.587556917548,6906.72216796875,14491,0.0,0.0
2023-08-23 00:00:00+05:30,6912.385976661923,6929.964805085195,6852.861919675072,6906.5263671875,11456,0.0,0.0
2023-08-24 00:00:00+05:30,6933.724908939325,7019.812243910411,6907.014760024539,6984.85009765625,17327,0.0,0.0
2023-08-25 00:00:00+05:30,6984.849865110124,7069.032633431453,6929.769155665304,7054.0908203125,24383,0.0,0.0
2023-08-28 00:00:00+05:30,7070.595557060878,7192.426606196699,7063.8571014178015,7152.1904296875,15894,0.0,0.0
2023-08-29 00:00:00+05:30,7152.190188786445,7226.851569049729,7125.333645793356,7197.5048828125,12812,0.0,0.0
2023-08-30 00:00:00+05:30,7225.875233674634,7251.266875258029,7179.291146642598,7244.4306640625,7628,0.0,0.0
2023-08-31 00:00:00+05:30,7237.057528235386,7318.6524012943455,7236.6178667722315,7263.669921875,56012,0.0,0.0
2023-09-01 00:00:00+05:30,7272.215453855521,7293.26102839984,7135.832653702049,7169.037109375,16812,0.0,0.0
2023-09-04 00:00:00+05:30,7168.304635432231,7204.390256563789,7034.315177313843,7057.55810546875,47769,0.0,0.0
2023-09-05 00:00:00+05:30,7109.659992464324,7109.659992464324,6973.814607951341,7008.87451171875,85742,0.0,0.0
2023-09-06 00:00:00+05:30,7031.531113110138,7046.180136262451,6994.518009983205,7022.74169921875,11332,0.0,0.0
2023-09-07 00:00:00+05:30,7031.531593721269,7070.888447871401,6967.56418825061,7025.330078125,145744,0.0,0.0
2023-09-08 00:00:00+05:30,7059.804079028515,7063.2708238442165,6961.215960229738,6974.69287109375,13932,0.0,0.0
2023-09-11 00:00:00+05:30,6974.693233362628,7031.385243309213,6966.050690542372,7017.078125,31984,0.0,0.0
2023-09-12 00:00:00+05:30,7043.250646478077,7043.250646478077,6877.4238877236285,6966.09912109375,154364,0.0,0.0
2023-09-13 00:00:00+05:30,6934.896409613508,6971.958630053513,6854.766441286681,6927.23046875,90976,0.0,0.0
2023-09-14 00:00:00+05:30,6931.62528896344,6979.527406161224,6931.62528896344,6958.3349609375,13303,0.0,0.0
2023-09-15 00:00:00+05:30,6965.073977334636,6996.325228559189,6818.681015894622,6936.89892578125,71560,0.0,0.0
2023-09-18 00:00:00+05:30,7026.599993201976,7084.658673204207,6985.045308295366,7060.73193359375,42353,0.0,0.0
2023-09-20 00:00:00+05:30,7084.219170162656,7103.751201619781,7018.20080846633,7061.51318359375,75653,0.0,0.0
2023-09-21 00:00:00+05:30,7072.256244114613,7212.69136834993,7067.958815439735,7174.70166015625,45166,0.0,0.0
2023-09-22 00:00:00+05:30,7176.0686857611845,7245.407400607271,7139.006463632639,7160.49169921875,21167,0.0,0.0
2023-09-25 00:00:00+05:30,7169.622901148121,7225.826609422453,7083.2914149555945,7109.90380859375,142385,0.0,0.0
2023-09-26 00:00:00+05:30,7148.723865346357,7275.682076069722,7134.367630775904,7179.48681640625,87105,0.0,0.0
2023-09-27 00:00:00+05:30,7226.851999483634,7231.930518658208,7023.718862200852,7133.00048828125,39279,0.0,0.0
2023-09-28 00:00:00+05:30,7214.405143567272,7277.813969569833,6960.572307290029,6998.89501953125,52319,110.0,0.0
2023-09-29 00:00:00+05:30,7001.175968706402,7080.4488642925935,6941.782662740545,7048.3232421875,33287,0.0,0.0
2023-10-03 00:00:00+05:30,7039.8951799016295,7039.8951799016295,6886.20732738265,6954.87109375,33983,0.0,0.0
2023-10-04 00:00:00+05:30,6954.871141125909,6954.920524193776,6743.426400655424,6761.5712890625,31137,0.0,0.0
2023-10-05 00:00:00+05:30,6776.5934686120745,6807.826806797447,6594.696262568647,6615.56787109375,42162,0.0,0.0
2023-10-06 00:00:00+05:30,6692.858156501995,6816.204956660427,6644.421597310209,6785.76513671875,41262,0.0,0.0
2023-10-09 00:00:00+05:30,6782.096129755446,6821.460243933727,6742.434748879684,6767.61962890625,15307,0.0,0.0
2023-10-10 00:00:00+05:30,6792.953455184467,6833.655752623061,6728.503712886078,6763.6533203125,17024,0.0,0.0
2023-10-11 00:00:00+05:30,6764.248816124537,7037.862973549326,6764.248816124537,6826.2197265625,70547,0.0,0.0
2023-10-12 00:00:00+05:30,6857.7997406555,6919.720779734775,6703.764759144246,6726.02490234375,29503,0.0,0.0
2023-10-13 00:00:00+05:30,6730.685060080386,6791.962184860695,6712.688805091259,6780.9560546875,15812,0.0,0.0
2023-10-16 00:00:00+05:30,6780.955880758932,6805.297859321124,6733.857991532433,6792.25927734375,25560,0.0,0.0
2023-10-17 00:00:00+05:30,6818.6834890952705,6821.757342867091,6732.6678714363,6782.64111328125,25456,0.0,0.0
2023-10-18 00:00:00+05:30,6811.841883089033,6816.799555493028,6764.942495806319,6806.93359375,30829,0.0,0.0
2023-10-19 00:00:00+05:30,6764.248415362341,6830.681227415885,6698.807137817058,6803.06689453125,16188,0.0,0.0
2023-10-20 00:00:00+05:30,6803.0667880655965,7059.725588342096,6770.19751646065,6995.67236328125,101039,0.0,0.0
2023-10-23 00:00:00+05:30,7020.064098587137,7104.344529149271,6949.4172670865255,7038.95263671875,53413,0.0,0.0
2023-10-25 00:00:00+05:30,7039.003085657763,7068.550621861199,6742.782136113113,6797.9609375,28693,0.0,0.0
2023-10-26 00:00:00+05:30,6712.688733578136,6776.097560104627,6593.704590590045,6611.205078125,21099,0.0,0.0
2023-10-27 00:00:00+05:30,6709.665063466727,6781.104935696937,6613.684226439778,6672.0361328125,13991,0.0,0.0
2023-10-30 00:00:00+05:30,6732.519310117928,6762.265345361454,6571.791469522537,6736.78271484375,19034,0.0,0.0
2023-10-31 00:00:00+05:30,6753.88722991533,6891.066137008553,6747.938022386728,6867.81494140625,19889,0.0,0.0
2023-11-01 00:00:00+05:30,6826.219283154449,6865.979913538277,6654.188046953229,6683.93408203125,28739,0.0,0.0
2023-11-02 00:00:00+05:30,6719.133861410617,6826.7153598188,6719.133861410617,6791.3173828125,56156,0.0,0.0
2023-11-03 00:00:00+05:30,6801.976194838516,6925.76937657326,6793.151634434128,6863.69921875,17745,0.0,0.0
2023-11-06 00:00:00+05:30,6966.868765053936,6974.453907404324,6854.7754955729715,6941.0888671875,31959,0.0,0.0
2023-11-07 00:00:00+05:30,6940.741951979163,7037.515822310591,6940.741951979163,7005.34033203125,28285,0.0,0.0
2023-11-08 00:00:00+05:30,7024.030783587838,7074.846929502418,7016.098507152393,7070.1865234375,14575,0.0,0.0
2023-11-09 00:00:00+05:30,7059.725591148344,7109.302315805285,6990.318176628627,7013.91650390625,17729,0.0,0.0
2023-11-10 00:00:00+05:30,6955.664075978234,7089.471853786765,6955.664075978234,7078.16845703125,14493,0.0,0.0
2023-11-13 00:00:00+05:30,7073.607310802498,7089.471863223698,6992.350862711078,7065.87353515625,23008,0.0,0.0
2023-11-15 00:00:00+05:30,7103.0561232386435,7129.1332877810355,7049.9591585412945,7122.4404296875,21269,0.0,0.0
2023-11-16 00:00:00+05:30,7031.516238745355,7134.090675684429,6976.436691329484,7077.9697265625,21153,0.0,0.0
2023-11-17 00:00:00+05:30,7064.683470099667,7312.56710062948,7048.471783833475,7285.59716796875,62674,0.0,0.0
2023-11-20 00:00:00+05:30,7285.597087127344,7295.413666105572,7182.279481557565,7210.43896484375,12074,0.0,0.0
2023-11-21 00:00:00+05:30,7258.032602777022,7292.736310577185,7172.810018105823,7283.8125,11430,0.0,0.0
2023-11-22 00:00:00+05:30,7296.702767608883,7406.763102872449,7268.344782594309,7314.84765625,27197,0.0,0.0
2023-11-23 00:00:00+05:30,7358.07803437194,7377.016439534153,7267.898265025119,7360.75537109375,15089,0.0,0.0
2023-11-24 00:00:00+05:30,7360.755563815739,7425.403322312449,7336.363718442654,7375.87646484375,14344,0.0,0.0
2023-11-28 00:00:00+05:30,7357.285486550766,7416.678308259288,7238.202092285134,7258.72705078125,19597,0.0,0.0
2023-11-29 00:00:00+05:30,7262.99007404966,7381.825578438906,7183.220931386172,7247.47265625,17133,0.0,0.0
2023-11-30 00:00:00+05:30,7308.848799522187,7337.355416851169,7148.963858850936,7293.8271484375,57191,0.0,0.0
2023-12-01 00:00:00+05:30,7344.246662441184,7376.967300959037,7199.0856242438185,7270.8232421875,30157,0.0,0.0
2023-12-04 00:00:00+05:30,7334.033694602628,7906.744128940532,7294.768830866348,7783.49658203125,157847,0.0,0.0
2023-12-05 00:00:00+05:30,7830.1479061020445,7830.1479061020445,7565.061062065162,7643.9873046875,65891,0.0,0.0
2023-12-06 00:00:00+05:30,7714.13886002348,7882.699734856898,7654.646786552862,7812.30078125,43794,0.0,0.0
2023-12-07 00:00:00+05:30,7803.376834944753,8302.961125934948,7733.969417098993,8011.99560546875,151760,0.0,0.0
2023-12-08 00:00:00+05:30,8011.995617364611,8011.995617364611,7852.95357363716,7916.65966796875,27621,0.0,0.0
2023-12-11 00:00:00+05:30,7916.6598755710675,7970.946393176041,7704.223594349775,7751.91650390625,64180,0.0,0.0
2023-12-12 00:00:00+05:30,7833.618367585701,7833.618367585701,7689.945114442055,7771.6474609375,26619,0.0,0.0
2023-12-13 00:00:00+05:30,7783.397228951761,8295.822551495872,7757.022314295834,8163.40234375,53366,0.0,0.0
2023-12-14 00:00:00+05:30,8163.403166257022,8279.313948859257,8091.021624265051,8255.1201171875,41327,0.0,0.0
2023-12-15 00:00:00+05:30,8255.069944849016,8299.143847471074,7817.010192054968,7902.33154296875,75533,0.0,0.0
2023-12-18 00:00:00+05:30,7971.788944384744,7971.788944384744,7803.5253419020955,7827.7685546875,39141,0.0,0.0
2023-12-19 00:00:00+05:30,7872.784158461794,7872.784158461794,7733.9693244335,7761.087890625,54892,0.0,0.0
2023-12-20 00:00:00+05:30,7793.461573565324,7847.252322975747,7745.867915100804,7803.02978515625,27757,0.0,0.0
2023-12-21 00:00:00+05:30,7711.163900226277,7738.9268665637255,7595.154362316225,7677.40234375,29668,0.0,0.0
2023-12-22 00:00:00+05:30,7679.434784057844,7806.549701966924,7679.434784057844,7771.2509765625,17659,0.0,0.0
2023-12-26 00:00:00+05:30,7810.317702339504,7887.657397754317,7768.673250962297,7824.595703125,19122,0.0,0.0
2023-12-27 00:00:00+05:30,7832.081715980121,7912.445394403291,7763.814468097363,7854.2919921875,11177,0.0,0.0
2023-12-28 00:00:00+05:30,7901.489182938263,8119.131009420646,7611.811986477368,7647.95361328125,87310,0.0,0.0
2023-12-29 00:00:00+05:30,7684.293707509682,7753.65174470399,7555.4934630208045,7609.63134765625,52509,0.0,0.0
2024-01-01 00:00:00+05:30,7644.731028484042,7732.977599370564,7634.815683440613,7697.9267578125,17080,0.0,0.0
2024-01-02 00:00:00+05:30,7743.884455271058,7782.504917756364,7690.390975266025,7751.56884765625,30786,0.0,0.0
2024-01-03 00:00:00+05:30,7763.665955600855,8150.958954142674,7645.921230637019,8034.80078125,86219,0.0,0.0
2024-01-04 00:00:00+05:30,8011.5991111681005,8176.193845382692,7900.5966253685065,8140.44921875,46150,0.0,0.0
2024-01-05 00:00:00+05:30,8182.143069715781,8204.948364262978,7952.107055152759,7997.81689453125,26527,0.0,0.0
2024-01-08 00:00:00+05:30,8001.683806294991,8059.490076812727,7950.124009773635,7977.6884765625,11458,0.0,0.0
2024-01-09 00:00:00+05:30,8209.85653971171,8242.577179259019,7897.572545282173,7940.5556640625,38473,0.0,0.0
2024-01-10 00:00:00+05:30,8019.531372082468,8067.7200476315,7922.360987010253,7963.9560546875,21386,0.0,0.0
2024-01-11 00:00:00+05:30,7964.699460588984,8040.303967056723,7937.481644601514,7973.07763671875,19415,0.0,0.0
2024-01-12 00:00:00+05:30,8009.615930405479,8049.2279285235545,7957.064600334733,7983.3896484375,9367,0.0,0.0
2024-01-15 00:00:00+05:30,8021.514349452569,8180.15987428723,8013.383572645705,8153.18994140625,33759,0.0,0.0
2024-01-16 00:00:00+05:30,8130.583160314495,8139.506971100207,8071.834739308564,8108.125,14829,0.0,0.0
2024-01-17 00:00:00+05:30,8080.957192261548,8081.006575329912,7989.934030163673,8030.1904296875,21311,0.0,0.0
2024-01-18 00:00:00+05:30,8070.892570126837,8070.892570126837,7823.207438299583,7931.6318359375,33821,0.0,0.0
2024-01-19 00:00:00+05:30,7935.746299192488,8428.043174003391,7935.746299192488,8401.0732421875,135675,0.0,0.0
2024-01-23 00:00:00+05:30,8328.889991298684,8328.889991298684,7939.762074177077,8053.44189453125,38548,0.0,0.0
2024-01-24 00:00:00+05:30,8130.433939524417,8161.221860980332,7933.267687709843,8121.60986328125,21964,0.0,0.0
2024-01-25 00:00:00+05:30,8154.4786589118075,8155.27266116418,8061.17564789457,8125.328125,14926,0.0,0.0
2024-01-29 00:00:00+05:30,8122.700138407462,8309.059244354912,8108.322887924986,8176.73876953125,32525,0.0,0.0
2024-01-30 00:00:00+05:30,8185.117640114608,8257.400895508423,8132.7154269143075,8181.79638671875,34625,0.0,0.0
2024-01-31 00:00:00+05:30,8181.796727003394,8322.494903317227,8141.490458896725,8295.4755859375,35250,0.0,0.0
2024-02-01 00:00:00+05:30,8385.407462866886,8385.407462866886,8181.448617781559,8271.2822265625,21348,0.0,0.0
2024-02-02 00:00:00+05:30,8271.282549283213,8413.170757773796,8201.031744594879,8389.8203125,16462,0.0,0.0
2024-02-05 00:00:00+05:30,8397.108240649834,8447.875007121691,8237.570900424585,8259.830078125,18949,0.0,0.0
2024-02-06 00:00:00+05:30,8272.174332565215,8407.717300560847,8213.425909891917,8380.896484375,19163,0.0,0.0
2024-02-07 00:00:00+05:30,8451.8403675713,8645.189601695702,8380.449881125367,8538.9462890625,48763,0.0,0.0
2024-02-08 00:00:00+05:30,8626.350632560956,8651.040230310264,8502.408813127608,8600.6201171875,38780,0.0,0.0
2024-02-09 00:00:00+05:30,8610.733231928183,8709.73756156406,8437.958350313365,8560.9580078125,27292,0.0,0.0
2024-02-12 00:00:00+05:30,8560.909344279196,8627.243393299059,8447.52775528069,8546.630859375,11036,0.0,0.0
2024-02-13 00:00:00+05:30,8546.630550893167,8715.588420214124,8498.98751092412,8687.626953125,16594,0.0,0.0
2024-02-14 00:00:00+05:30,8626.499957963426,8803.786147094437,8577.765646069538,8690.2060546875,16425,0.0,0.0
2024-02-15 00:00:00+05:30,8690.20579662675,8750.292403033645,8607.362310344663,8694.865234375,17982,0.0,0.0
2024-02-16 00:00:00+05:30,8751.184845025418,8849.445527939042,8547.226002055739,8710.3828125,38842,0.0,0.0
2024-02-19 00:00:00+05:30,8804.826652936206,8898.923667434974,8683.264906510016,8801.1083984375,14418,0.0,0.0
2024-02-20 00:00:00+05:30,8784.004150570598,8823.020645894374,8668.688881681835,8742.85546875,18070,0.0,0.0
2024-02-21 00:00:00+05:30,8819.700292276899,8823.567664546184,8675.927774864853,8733.23828125,11657,0.0,0.0
2024-02-22 00:00:00+05:30,8770.618304526808,8770.618304526808,8542.268105835821,8610.38671875,38170,0.0,0.0
2024-02-23 00:00:00+05:30,8675.92702783278,8725.503753706109,8486.593318063446,8681.677734375,12322,0.0,0.0
2024-02-26 00:00:00+05:30,8690.800268221292,8793.919860679365,8656.096559220978,8727.685546875,17937,0.0,0.0
2024-02-27 00:00:00+05:30,8727.73499947598,9062.625793997042,8558.08382515818,8629.3251953125,70693,0.0,0.0
2024-02-28 00:00:00+05:30,8634.431923176535,8746.127708535907,8597.7451450633,8631.60546875,16018,0.0,0.0
2024-02-29 00:00:00+05:30,8577.764846801058,9269.806535642752,8528.188122452422,9072.1435546875,80740,0.0,0.0
2024-03-01 00:00:00+05:30,9076.803712896806,9209.372063848794,8836.059339684381,8868.630859375,35724,0.0,0.0
2024-03-04 00:00:00+05:30,9097.32932927546,9097.32932927546,8764.074960455275,8780.6328125,45298,0.0,0.0
2024-03-05 00:00:00+05:30,8755.249768957308,8785.44218860334,8611.477264257555,8652.279296875,41517,0.0,0.0
2024-03-06 00:00:00+05:30,8682.819223043709,8682.819223043709,8576.725019451802,8642.314453125,41202,0.0,0.0
2024-03-07 00:00:00+05:30,8713.556146174746,8713.556146174746,8537.112381290266,8591.7958984375,38774,0.0,0.0
2024-03-11 00:00:00+05:30,8592.886431934578,8673.647115988142,8486.345849167003,8543.2109375,67923,0.0,0.0
2024-03-12 00:00:00+05:30,8544.003276981333,8589.118096063627,8452.83148739661,8521.396484375,23669,0.0,0.0
2024-03-13 00:00:00+05:30,8437.958710158024,8508.605544247184,8207.823936885396,8298.15234375,36711,0.0,0.0
2024-03-14 00:00:00+05:30,8155.371593539762,8229.736684058362,8012.194102757497,8161.32080078125,68591,0.0,0.0
2024-03-15 00:00:00+05:30,8079.717243300142,8229.637450937615,8073.12315166349,8173.96240234375,46749,0.0,0.0
2024-03-18 00:00:00+05:30,8173.9624324266615,8173.9624324266615,8081.105324489347,8140.79541015625,19087,0.0,0.0
2024-03-19 00:00:00+05:30,8194.635624565415,8247.583954074922,8120.766788614708,8135.1435546875,23350,0.0,0.0
2024-03-20 00:00:00+05:30,8121.708573722552,8125.37744507733,8019.531135884004,8061.32421875,14503,0.0,0.0
2024-03-21 00:00:00+05:30,8052.251757423109,8150.116407240013,8051.260222912897,8133.2109375,16304,0.0,0.0
2024-03-22 00:00:00+05:30,8145.455853646082,8376.13674058089,8133.210789985237,8323.9814453125,49514,0.0,0.0
2024-03-26 00:00:00+05:30,8142.481574191041,8363.593774756628,8142.481574191041,8341.978515625,29115,0.0,0.0
2024-03-27 00:00:00+05:30,8356.802053691134,8437.760266287714,7897.820336975164,8027.7607421875,108749,0.0,0.0
2024-03-28 00:00:00+05:30,7996.824760753452,8273.413011014683,7996.824760753452,8202.716796875,74053,0.0,0.0
2024-04-01 00:00:00+05:30,8202.667931988582,8392.447060793644,8190.07524974937,8336.3759765625,23249,0.0,0.0
2024-04-02 00:00:00+05:30,8328.839981062905,8375.491483187421,8299.192713746264,8349.2158203125,14963,0.0,0.0
2024-04-03 00:00:00+05:30,8407.567738923692,8407.567738923692,8233.801316482833,8287.39453125,21126,0.0,0.0
2024-04-04 00:00:00+05:30,8287.394964157636,8377.475491552139,8046.302948744893,8055.82177734375,61071,0.0,0.0
2024-04-05 00:00:00+05:30,8109.017056897065,8139.506742893407,8056.2178445619365,8126.17041015625,20381,0.0,0.0
2024-04-08 00:00:00+05:30,8170.195271448857,8186.109207244257,8120.667927244484,8168.3603515625,23206,0.0,0.0
2024-04-09 00:00:00+05:30,8155.371643454784,8199.990698039035,8084.476923393141,8102.8203125,16546,0.0,0.0
2024-04-10 00:00:00+05:30,8178.37519535332,8178.37519535332,8035.594224930202,8079.91552734375,16089,0.0,0.0
2024-04-12 00:00:00+05:30,8118.635259104679,8201.180507817526,8037.478061888993,8106.33984375,43228,0.0,0.0
2024-04-15 00:00:00+05:30,8095.879608594079,8095.879608594079,7826.18221073277,7886.07080078125,40510,0.0,0.0
2024-04-16 00:00:00+05:30,7877.742237802221,7877.742237802221,7781.563383545857,7835.99853515625,42416,0.0,0.0
2024-04-18 00:00:00+05:30,7852.953354906764,7887.161295657304,7793.461284036258,7853.15185546875,28100,0.0,0.0
2024-04-19 00:00:00+05:30,7857.862136745734,7857.911519815468,7673.981855850071,7769.36767578125,31951,0.0,0.0
2024-04-22 00:00:00+05:30,7778.588234564788,7966.186757603051,7778.588234564788,7887.8056640625,36625,0.0,0.0
2024-04-23 00:00:00+05:30,7978.38278757911,8254.525160827203,7900.051557824714,8032.7685546875,109168,0.0,0.0
2024-04-24 00:00:00+05:30,8051.26030433627,8211.442512421707,8033.660566602038,8160.3291015625,34767,0.0,0.0
2024-04-25 00:00:00+05:30,8180.159994869818,8254.029318459854,8082.940226408062,8131.12841796875,30933,0.0,0.0
2024-04-26 00:00:00+05:30,8131.177566977772,8178.67245762628,8011.598891631247,8077.6845703125,32513,0.0,0.0
2024-04-29 00:00:00+05:30,8239.254646847838,8272.37228627695,8073.22248625926,8118.0400390625,60799,0.0,0.0
2024-04-30 00:00:00+05:30,8180.15986463621,8224.778918443317,7981.852958826847,8047.44287109375,72113,0.0,0.0
2024-05-02 00:00:00+05:30,8119.379014359782,8180.159887501156,7946.45500469249,8041.8408203125,37195,0.0,0.0
2024-05-03 00:00:00+05:30,8061.175892196616,8254.475746394912,8061.175892196616,8168.7080078125,46486,0.0,0.0
2024-05-06 00:00:00+05:30,8249.56702453598,8249.56702453598,8074.809069238569,8116.89990234375,54469,0.0,0.0
2024-05-07 00:00:00+05:30,8116.90059495611,8239.652382641294,8116.90059495611,8209.4599609375,33098,0.0,0.0
2024-05-08 00:00:00+05:30,8116.900311244233,8322.543995541098,8116.900311244233,8279.3134765625,32647,0.0,0.0
2024-05-09 00:00:00+05:30,8301.721604817883,8363.593746705643,8249.815159576481,8312.5791015625,38823,0.0,0.0
2024-05-10 00:00:00+05:30,8330.774433448165,8397.801780989765,8199.990640390266,8360.1728515625,16630,0.0,0.0
2024-05-13 00:00:00+05:30,8360.173195383095,8361.70988032319,8268.060213866893,8334.591796875,11773,0.0,0.0
2024-05-14 00:00:00+05:30,8334.640721172429,8423.085794510187,8305.738070730034,8364.734375,17962,0.0,0.0
2024-05-15 00:00:00+05:30,8372.716837353693,8422.045684731042,8315.009328772745,8358.5380859375,12212,0.0,0.0
2024-05-16 00:00:00+05:30,8396.313797514189,8396.313797514189,8229.736008427937,8265.728515625,21728,0.0,0.0
2024-05-17 00:00:00+05:30,8265.728979371961,8313.967520819415,8131.5745532223655,8151.05859375,29430,0.0,0.0
2024-05-21 00:00:00+05:30,8208.815660130624,8229.687268461255,7959.047723111222,8077.9326171875,60118,0.0,0.0
2024-05-22 00:00:00+05:30,8105.794890866308,8105.794890866308,8006.740686827652,8055.17724609375,15810,0.0,0.0
2024-05-23 00:00:00+05:30,8061.17591507882,8111.7441772767315,8026.472205727312,8096.078125,12988,0.0,0.0
2024-05-24 00:00:00+05:30,8128.946821424686,8128.946821424686,7947.149350549083,7963.9560546875,59111,0.0,0.0
2024-05-27 00:00:00+05:30,7933.267975477807,7965.244964880277,7898.167749056271,7920.67529296875,26182,0.0,0.0
2024-05-28 00:00:00+05:30,7932.226730941938,7932.325497075193,7758.856824295595,7786.1240234375,53389,0.0,0.0
2024-05-29 00:00:00+05:30,7793.461427885778,7793.461427885778,7689.350301940739,7727.9208984375,53870,0.0,0.0
2024-05-30 00:00:00+05:30,7699.265565082564,7992.214633333233,7699.265565082564,7918.642578125,60364,0.0,0.0
2024-05-31 00:00:00+05:30,7946.157891399014,7952.057715636322,7746.859446655914,7886.07080078125,114833,0.0,0.0
2024-06-03 00:00:00+05:30,8060.184283634611,8060.184283634611,7922.410365506211,7946.455078125,28468,0.0,0.0
2024-06-04 00:00:00+05:30,7946.454727564875,8011.5987376925705,7595.104865786335,7866.28955078125,40557,0.0,0.0
2024-06-05 00:00:00+05:30,7866.289835667862,8029.446649438396,7833.122811874949,7980.76220703125,26432,0.0,0.0
2024-06-06 00:00:00+05:30,8060.184343277528,8076.048896050616,7983.885566125361,8061.47314453125,17926,0.0,0.0
2024-06-07 00:00:00+05:30,8112.686528427853,8343.763468009347,8094.293271530226,8306.6796875,45046,0.0,0.0
2024-06-10 00:00:00+05:30,8378.466226316616,8418.12760490273,8209.90536732563,8352.091796875,20223,0.0,0.0
2024-06-11 00:00:00+05:30,8358.63610955711,8549.803773777336,8278.817579685301,8311.439453125,35518,0.0,0.0
2024-06-12 00:00:00+05:30,8377.37613811618,8377.37613811618,8249.566955063916,8280.056640625,12780,0.0,0.0
2024-06-13 00:00:00+05:30,8368.551631993865,8393.339995832708,8156.859004810133,8183.5810546875,27651,0.0,0.0
2024-06-14 00:00:00+05:30,8194.63533025246,8269.3974160321,8190.371925723413,8232.5615234375,37519,0.0,0.0
2024-06-18 00:00:00+05:30,8269.398524428092,8305.093769857278,8203.312356336135,8213.4755859375,18624,0.0,0.0
2024-06-19 00:00:00+05:30,8278.123051367145,8302.712913342004,8116.502927644062,8130.28564453125,24661,0.0,0.0
2024-06-20 00:00:00+05:30,8130.681443156465,8207.72386535274,8095.779720202231,8175.89599609375,19663,0.0,0.0
2024-06-21 00:00:00+05:30,8180.160245795095,8239.652320309968,8130.5835170327,8157.00830078125,59500,0.0,0.0
2024-06-24 00:00:00+05:30,8239.602709817515,8916.721071587739,8204.452616436063,8650.9404296875,464475,0.0,0.0
2024-06-25 00:00:00+05:30,8656.095888663334,8778.054627988144,8450.947020318328,8538.6484375,74272,0.0,0.0
2024-06-26 00:00:00+05:30,8538.10349626755,8571.815668938912,8372.517236381744,8431.6123046875,112962,0.0,0.0
2024-06-27 00:00:00+05:30,8431.117027377211,8656.096603625829,8361.16445867825,8378.3681640625,72022,0.0,0.0
2024-06-28 00:00:00+05:30,8398.347292337823,8645.854509261972,8398.347292337823,8485.07421875,74446,21.0,0.0
2024-07-01 00:00:00+05:30,8447.152072271943,8784.468194345438,8447.102566171925,8703.904296875,111072,0.0,0.0
2024-07-02 00:00:00+05:30,8678.158965978464,8911.253093178733,8665.23690348975,8843.1142578125,71695,0.0,0.0
2024-07-03 00:00:00+05:30,8802.459511666446,9292.951402182718,8767.669341693572,9241.0146484375,131187,0.0,0.0
2024-07-04 00:00:00+05:30,9244.245323487732,9920.168637463179,9224.414732119963,9843.53125,499552,0.0,0.0
2024-07-05 00:00:00+05:30,9820.7676373906,9840.59822772305,9492.74604626318,9609.640625,136490,0.0,0.0
2024-07-08 00:00:00+05:30,9706.457409408813,9875.438234764624,9576.491274613092,9845.767578125,91945,0.0,0.0
2024-07-09 00:00:00+05:30,9800.888019378934,9819.774111911207,9663.715347302434,9788.9599609375,74520,0.0,0.0
2024-07-10 00:00:00+05:30,9780.95807151228,9780.95807151228,9631.906852343982,9709.240234375,46700,0.0,0.0
2024-07-11 00:00:00+05:30,9696.965103317541,9732.599789991868,9604.07515311525,9715.3046875,26061,0.0,0.0
2024-07-12 00:00:00+05:30,9733.295487342015,9914.204369970308,9634.88900723102,9843.9775390625,38090,0.0,0.0
2024-07-15 00:00:00+05:30,9860.528257852908,9860.528257852908,9693.535440582818,9849.345703125,23059,0.0,0.0
2024-07-16 00:00:00+05:30,9849.345064247242,9850.587570247526,9676.636730207836,9738.166015625,42229,0.0,0.0
2024-07-18 00:00:00+05:30,9691.596839482621,9790.947818852039,9404.478925484,9722.0634765625,38458,0.0,0.0
2024-07-19 00:00:00+05:30,9621.966674219657,9865.00085312944,9542.495794581824,9656.1103515625,37654,0.0,0.0
2024-07-22 00:00:00+05:30,9691.149694468744,10014.599274198474,9666.15105389139,9919.1748046875,77031,0.0,0.0
2024-07-23 00:00:00+05:30,9890.348090317299,9930.307278753417,9431.316852488162,9679.7685546875,31007,0.0,0.0
2024-07-24 00:00:00+05:30,9736.277533687115,9810.877403752098,9421.774009961538,9444.537109375,32368,0.0,0.0
2024-07-25 00:00:00+05:30,9444.537459865338,9511.285276494544,9273.071616385174,9353.4365234375,23383,0.0,0.0
2024-07-26 00:00:00+05:30,9353.43617982546,9507.0604064575,9321.430000117942,9423.8125,17040,0.0,0.0
2024-07-29 00:00:00+05:30,9424.159629002463,9667.193805702294,9424.159629002463,9584.69140625,29885,0.0,0.0
2024-07-30 00:00:00+05:30,9661.727213946328,9661.727213946328,9547.515667547703,9617.146484375,11511,0.0,0.0
2024-07-31 00:00:00+05:30,9617.146838760951,9665.753095654292,9439.417987142,9561.830078125,46366,0.0,0.0
2024-08-01 00:00:00+05:30,9561.830001901777,9790.948128149334,9303.885733957133,9356.021484375,51150,0.0,0.0
2024-08-02 00:00:00+05:30,9356.021460191885,9500.94717807004,9291.957651306331,9378.0380859375,33863,0.0,0.0
2024-08-05 00:00:00+05:30,9321.777065096527,9328.735098734369,9024.420139276224,9066.7158203125,26071,0.0,0.0
2024-08-06 00:00:00+05:30,9086.5967252932,9311.490332535912,9062.541612719471,9134.85546875,27023,0.0,0.0
2024-08-07 00:00:00+05:30,9298.319803812406,9387.630755592241,9095.14481442878,9291.7587890625,19537,0.0,0.0
2024-08-08 00:00:00+05:30,9291.758537992751,9462.926370902116,9261.739396750205,9344.9873046875,20264,0.0,0.0
2024-08-09 00:00:00+05:30,9308.855454262051,9470.878245404037,9308.855454262051,9397.4208984375,9605,0.0,0.0
2024-08-12 00:00:00+05:30,9396.32745975191,9421.376575081007,9265.516815166811,9317.8505859375,13984,0.0,0.0
2024-08-13 00:00:00+05:30,9202.049807059255,9391.358233155153,9066.318633002556,9094.0517578125,38083,0.0,0.0
2024-08-14 00:00:00+05:30,9124.020221393033,9403.286084176185,9096.138578889668,9334.3017578125,56696,0.0,0.0
2024-08-16 00:00:00+05:30,9343.645308995357,9542.446273016536,9335.69327043451,9528.033203125,20441,0.0,0.0
2024-08-19 00:00:00+05:30,9522.566159739645,9608.001068017915,9472.964931021126,9550.05078125,11623,0.0,0.0
2024-08-20 00:00:00+05:30,9550.398850240372,9738.912263289149,9538.37177952187,9717.888671875,21525,0.0,0.0
2024-08-21 00:00:00+05:30,9690.602877624171,9741.247619337712,9616.847522936183,9688.068359375,18400,0.0,0.0
2024-08-22 00:00:00+05:30,9681.607411789751,9840.648190628186,9681.55790568794,9821.6630859375,29193,0.0,0.0
2024-08-23 00:00:00+05:30,9830.707713183392,9861.869376144778,9766.146905697917,9814.953125,29951,0.0,0.0
2024-08-26 00:00:00+05:30,9795.91730111354,9865.497637093038,9701.58585733821,9852.4765625,69355,0.0,0.0
2024-08-27 00:00:00+05:30,9852.476905889003,9937.066329009154,9743.036391202226,9875.0400390625,35085,0.0,0.0
2024-08-28 00:00:00+05:30,9925.138629480103,10346.596694467542,9805.95705725357,9912.6640625,189405,0.0,0.0
2024-08-29 00:00:00+05:30,9890.348470007368,10152.765756045756,9878.668912768917,9999.291015625,62522,0.0,0.0
2024-08-30 00:00:00+05:30,10149.286084152136,10226.321456711932,9891.341836677724,9997.40234375,112815,0.0,0.0
2024-09-02 00:00:00+05:30,10138.799590020828,10684.210225244844,10039.498120884524,10567.513671875,301690,0.0,0.0
2024-09-03 00:00:00+05:30,10536.451800056495,10913.278664358375,10505.140646122365,10838.5302734375,201716,0.0,0.0
2024-09-04 00:00:00+05:30,10561.301515662879,11117.944230841347,10538.488910247475,11001.34765625,139699,0.0,0.0
2024-09-05 00:00:00+05:30,10891.311209795793,11061.882054843025,10786.045707237081,10830.37890625,47122,0.0,0.0
2024-09-06 00:00:00+05:30,10784.952765477978,10832.06898427575,10526.710496165988,10629.2919921875,71606,0.0,0.0
2024-09-09 00:00:00+05:30,10586.15123325542,10696.833280636421,10198.588369305971,10295.0068359375,72041,0.0,0.0
2024-09-10 00:00:00+05:30,10421.743099893227,10461.901285032944,10203.609507148323,10281.8369140625,109379,0.0,0.0
2024-09-11 00:00:00+05:30,10356.43750546761,10453.252995297524,10210.368298822774,10252.8125,116090,0.0,0.0
2024-09-12 00:00:00+05:30,10387.301064697946,10418.512234227595,10201.422159746817,10331.4873046875,81548,0.0,0.0
2024-09-13 00:00:00+05:30,10371.396861020408,10422.140613307965,10268.367872396846,10309.1220703125,84443,0.0,0.0
2024-09-16 00:00:00+05:30,10451.215444195088,10451.215444195088,10311.90527684982,10337.650390625,51928,0.0,0.0
2024-09-17 00:00:00+05:30,10417.121486643406,10417.121486643406,10238.449112030245,10307.7314453125,32624,0.0,0.0
2024-09-18 00:00:00+05:30,10367.470198240468,10829.08642162071,10327.610993527487,10728.2939453125,203890,0.0,0.0
2024-09-19 00:00:00+05:30,10784.952979989852,10792.358510509397,10583.816480208407,10702.3515625,37124,0.0,0.0
2024-09-20 00:00:00+05:30,10747.52746931287,11281.954541215793,10651.805000695043,11096.4736328125,116438,0.0,0.0
2024-09-23 00:00:00+05:30,11097.269468727845,11209.393024982473,10884.353429419001,11018.8916015625,40331,0.0,0.0
2024-09-24 00:00:00+05:30,11132.854025473554,11212.374411369794,10725.312047755326,10777.0498046875,67183,0.0,0.0
2024-09-25 00:00:00+05:30,10770.0498046875,10770.0498046875,10600.0,10686.349609375,38803,65.0,0.0
2024-09-26 00:00:00+05:30,10778.7998046875,10866.400390625,10590.0,10815.2998046875,55743,0.0,0.0
2024-09-27 00:00:00+05:30,10815.2998046875,10897.0,10356.0,10543.4501953125,95510,0.0,0.0
2024-09-30 00:00:00+05:30,10540.0,10556.0,10287.7001953125,10494.7001953125,62295,0.0,0.0
2024-10-01 00:00:00+05:30,10514.349609375,10638.0498046875,10378.5,10605.7001953125,28112,0.0,0.0
2024-10-03 00:00:00+05:30,10540.0,10750.0,10393.25,10519.099609375,46736,0.0,0.0
2024-10-04 00:00:00+05:30,10411.0,10570.849609375,10195.0498046875,10368.349609375,29133,0.0,0.0
2024-10-07 00:00:00+05:30,10499.0,10499.0,10174.4501953125,10335.0,28090,0.0,0.0
2024-10-08 00:00:00+05:30,10160.0,10385.7998046875,10160.0,10332.75,23825,0.0,0.0
2024-10-09 00:00:00+05:30,10424.0,10591.2001953125,10315.0,10473.400390625,16202,0.0,0.0
2024-10-10 00:00:00+05:30,10473.400390625,10801.900390625,10434.2998046875,10747.0498046875,29630,0.0,0.0
2024-10-11 00:00:00+05:30,10830.0,10897.0,10729.0,10851.099609375,19967,0.0,0.0
2024-10-14 00:00:00+05:30,10880.0,10880.0,10609.9501953125,10670.25,31733,0.0,0.0
2024-10-15 00:00:00+05:30,10720.0,10818.4501953125,10487.4501953125,10707.349609375,32315,0.0,0.0
2024-10-16 00:00:00+05:30,10707.349609375,10732.150390625,10399.5,10505.150390625,33502,0.0,0.0
2024-10-17 00:00:00+05:30,10480.0,10550.0,10219.150390625,10402.75,36005,0.0,0.0
2024-10-18 00:00:00+05:30,10306.0,10328.099609375,10004.849609375,10240.400390625,31707,0.0,0.0
2024-10-21 00:00:00+05:30,10241.349609375,10574.9501953125,10165.9501953125,10304.2998046875,57230,0.0,0.0
2024-10-22 00:00:00+05:30,10367.4501953125,10489.0498046875,10101.0498046875,10296.75,39686,0.0,0.0
2024-10-23 00:00:00+05:30,10339.849609375,10382.349609375,10138.5498046875,10216.849609375,22608,0.0,0.0
2024-10-24 00:00:00+05:30,10218.7998046875,10346.5,10072.7998046875,10117.2998046875,19752,0.0,0.0
2024-10-25 00:00:00+05:30,10100.0,10299.900390625,10010.0,10156.4501953125,23577,0.0,0.0
2024-10-28 00:00:00+05:30,10310.0,10371.150390625,10140.150390625,10223.849609375,18055,0.0,0.0
2024-10-29 00:00:00+05:30,10342.75,10387.0498046875,10200.0,10355.25,24098,0.0,0.0
2024-10-30 00:00:00+05:30,10325.0498046875,10398.0,10135.0,10223.2998046875,29790,0.0,0.0
2024-10-31 00:00:00+05:30,10226.0,10337.4501953125,10064.0498046875,10249.5,41264,0.0,0.0
2024-11-01 00:00:00+05:30,10300.0,10350.0,10251.0,10332.5498046875,2117,0.0,0.0
2024-11-04 00:00:00+05:30,10332.5498046875,10699.0,10110.0498046875,10658.25,110638,0.0,0.0
2024-11-05 00:00:00+05:30,10649.9501953125,10715.0,10380.099609375,10600.349609375,39999,0.0,0.0
2024-11-06 00:00:00+05:30,10600.0,10736.400390625,10540.7998046875,10590.2001953125,23227,0.0,0.0
2024-11-07 00:00:00+05:30,10725.0,10725.0,10400.0,10498.849609375,39553,0.0,0.0
2024-11-08 00:00:00+05:30,10498.849609375,10618.0,10390.0498046875,10488.2998046875,29146,0.0,0.0
2024-11-11 00:00:00+05:30,10550.0,10897.7998046875,10390.099609375,10851.4501953125,57715,0.0,0.0
2024-11-12 00:00:00+05:30,10850.0,10888.7001953125,10624.0,10794.150390625,39197,0.0,0.0
2024-11-13 00:00:00+05:30,10655.0,10750.5,10469.0498046875,10528.650390625,21623,0.0,0.0
2024-11-14 00:00:00+05:30,10530.0,11154.5,10249.0,10850.099609375,106278,0.0,0.0
2024-11-18 00:00:00+05:30,10860.0,11005.099609375,10605.349609375,10684.75,39537,0.0,0.0
2024-11-19 00:00:00+05:30,10760.0,10799.900390625,10520.0498046875,10555.2998046875,18870,0.0,0.0
2024-11-21 00:00:00+05:30,10626.599609375,10657.349609375,10352.75,10420.9501953125,33961,0.0,0.0
2024-11-22 00:00:00+05:30,10524.0,10615.0,10400.400390625,10458.2998046875,21513,0.0,0.0
2024-11-25 00:00:00+05:30,10498.9501953125,10659.9501953125,10300.0,10591.5498046875,99760,0.0,0.0
2024-11-26 00:00:00+05:30,10675.0,10680.0,10415.4501953125,10476.25,35282,0.0,0.0
2024-11-27 00:00:00+05:30,10476.25,10530.0,10154.0,10221.849609375,39102,0.0,0.0
2024-11-28 00:00:00+05:30,10320.0,10395.849609375,10178.2998046875,10326.4501953125,27443,0.0,0.0
2024-11-29 00:00:00+05:30,10378.900390625,10551.0,10120.0498046875,10468.25,56323,0.0,0.0
2024-12-02 00:00:00+05:30,10301.0,10451.650390625,10200.0,10403.2998046875,44838,0.0,0.0
2024-12-03 00:00:00+05:30,10400.0,10706.0,10250.0498046875,10683.0,61089,0.0,0.0
2024-12-04 00:00:00+05:30,10683.0,10713.9501953125,10480.0,10607.150390625,38886,0.0,0.0
2024-12-05 00:00:00+05:30,10650.0,10790.0,10481.0,10742.9501953125,30835,0.0,0.0
2024-12-06 00:00:00+05:30,10700.0,10766.0,10601.0,10675.849609375,22898,0.0,0.0
2024-12-09 00:00:00+05:30,10700.0,11244.4501953125,10675.849609375,11122.0,127070,0.0,0.0
2024-12-10 00:00:00+05:30,11079.0498046875,11268.349609375,10925.0,11197.75,74434,0.0,0.0
2024-12-11 00:00:00+05:30,11350.0,11545.900390625,11031.0498046875,11167.75,84627,0.0,0.0
2024-12-12 00:00:00+05:30,11198.75,11450.0498046875,11119.9501953125,11273.4501953125,54988,0.0,0.0
2024-12-13 00:00:00+05:30,11276.7001953125,11289.099609375,11070.0,11131.75,35484,0.0,0.0
2024-12-16 00:00:00+05:30,11197.9501953125,11297.650390625,10800.0,11023.5,31261,0.0,0.0
2024-12-17 00:00:00+05:30,11025.0,11340.0,10966.7998046875,11270.0,71749,0.0,0.0
2024-12-18 00:00:00+05:30,11281.0498046875,11355.0,11050.0,11184.0498046875,52623,0.0,0.0
2024-12-19 00:00:00+05:30,11025.0,11524.0,10849.849609375,11331.5,117845,0.0,0.0
2024-12-20 00:00:00+05:30,11331.5,11331.5498046875,10651.400390625,10746.75,65090,0.0,0.0
2024-12-23 00:00:00+05:30,10746.75,11220.0,10746.75,11115.150390625,87126,0.0,0.0
2024-12-24 00:00:00+05:30,11115.0,11210.0,10920.0498046875,11048.599609375,29202,0.0,0.0
2024-12-26 00:00:00+05:30,11048.599609375,11259.0,10916.099609375,11202.0498046875,42464,0.0,0.0
2024-12-27 00:00:00+05:30,11094.0,11398.0,11094.0,11300.900390625,57315,0.0,0.0
2024-12-30 00:00:00+05:30,11300.0,13238.0,11211.9501953125,12630.7998046875,685958,0.0,0.0
2024-12-31 00:00:00+05:30,12488.0,12488.0,11650.0498046875,11886.75,187495,0.0,0.0
2025-01-01 00:00:00+05:30,11900.0,12045.599609375,11711.0,11843.099609375,60912,0.0,0.0
2025-01-02 00:00:00+05:30,11863.25,12033.2998046875,11835.599609375,11918.9501953125,39204,0.0,0.0
2025-01-03 00:00:00+05:30,11937.0,11996.7001953125,11525.0,11607.9501953125,57648,0.0,0.0
2025-01-06 00:00:00+05:30,11705.0,11705.0,10951.9501953125,11025.9501953125,60656,0.0,0.0
2025-01-07 00:00:00+05:30,11136.2001953125,11323.0,11045.0,11101.2998046875,46066,0.0,0.0
2025-01-08 00:00:00+05:30,11200.9501953125,11764.9501953125,11138.7998046875,11270.7998046875,220364,0.0,0.0
2025-01-09 00:00:00+05:30,11250.0,11424.900390625,11117.650390625,11168.900390625,32000,0.0,0.0
2025-01-10 00:00:00+05:30,11200.2001953125,11294.4501953125,10680.0,10827.849609375,42116,0.0,0.0
2025-01-13 00:00:00+05:30,10827.849609375,10846.650390625,10245.099609375,10314.7998046875,45192,0.0,0.0
2025-01-14 00:00:00+05:30,10499.0,10717.25,10315.0498046875,10620.599609375,26276,0.0,0.0
2025-01-15 00:00:00+05:30,10600.0,10970.0,10600.0,10849.150390625,36677,0.0,0.0
2025-01-16 00:00:00+05:30,11099.0,11099.9501953125,10761.0498046875,10937.349609375,23836,0.0,0.0
2025-01-17 00:00:00+05:30,10937.0,10999.9501953125,10780.0,10802.099609375,15135,0.0,0.0
2025-01-20 00:00:00+05:30,10843.9501953125,11057.9501953125,10800.0,10861.7998046875,21529,0.0,0.0
2025-01-21 00:00:00+05:30,10910.0,11022.5498046875,10665.5498046875,10797.0,20940,0.0,0.0
2025-01-22 00:00:00+05:30,10900.150390625,11423.4501953125,10890.7998046875,11286.400390625,376194,0.0,0.0
2025-01-23 00:00:00+05:30,11200.0498046875,11365.0,11082.7001953125,11198.2998046875,42202,0.0,0.0
2025-01-24 00:00:00+05:30,11160.0498046875,11310.0,11101.400390625,11290.099609375,28427,0.0,0.0
2025-01-27 00:00:00+05:30,11286.0,11307.9501953125,11102.150390625,11193.2001953125,33246,0.0,0.0
2025-01-28 00:00:00+05:30,11150.0,11328.2001953125,10986.099609375,11029.2998046875,80284,0.0,0.0
2025-01-29 00:00:00+05:30,11029.2998046875,11498.0,11029.2998046875,11426.849609375,49369,0.0,0.0
2025-01-30 00:00:00+05:30,11601.2001953125,11867.5,11106.099609375,11206.0498046875,101370,0.0,0.0
2025-01-31 00:00:00+05:30,11250.0,11849.9501953125,11193.099609375,11559.7001953125,81560,0.0,0.0
2025-02-01 00:00:00+05:30,11561.9501953125,11845.25,11514.0498046875,11754.0,25068,0.0,0.0
2025-02-03 00:00:00+05:30,11700.0,12419.4501953125,11681.099609375,12205.0,100514,0.0,0.0
2025-02-04 00:00:00+05:30,12205.0,12368.849609375,11560.0,11735.849609375,54181,0.0,0.0
2025-02-05 00:00:00+05:30,11771.7998046875,11855.0,11325.2001953125,11381.900390625,101219,0.0,0.0
2025-02-06 00:00:00+05:30,11481.900390625,11711.849609375,11360.0,11424.400390625,74724,0.0,0.0
2025-02-07 00:00:00+05:30,11440.0,11478.5498046875,11200.0,11271.150390625,167122,0.0,0.0
2025-02-10 00:00:00+05:30,11262.599609375,11700.0,11238.5498046875,11523.2001953125,84954,0.0,0.0
2025-02-11 00:00:00+05:30,11500.0,11628.400390625,11340.849609375,11513.599609375,87425,0.0,0.0
2025-02-12 00:00:00+05:30,11480.0498046875,11994.599609375,11250.0,11877.099609375,88894,0.0,0.0
2025-02-13 00:00:00+05:30,11639.5498046875,12376.349609375,11635.099609375,12142.650390625,102223,0.0,0.0
2025-02-14 00:00:00+05:30,12100.2001953125,12250.0,11851.0498046875,12075.2001953125,120567,0.0,0.0
2025-02-17 00:00:00+05:30,12032.599609375,12094.0,11602.0498046875,12013.650390625,94605,0.0,0.0
2025-02-18 00:00:00+05:30,12012.0,12245.0,11849.900390625,11994.150390625,33973,0.0,0.0
2025-02-19 00:00:00+05:30,11991.0,12475.0,11636.0,11732.099609375,78087,0.0,0.0
2025-02-20 00:00:00+05:30,11740.0,12586.599609375,11730.0,12454.2998046875,118067,0.0,0.0
2025-02-21 00:00:00+05:30,12440.0,12569.0,12125.0,12207.849609375,45778,0.0,0.0
2025-02-24 00:00:00+05:30,12407.849609375,12603.900390625,11871.2998046875,12001.849609375,151381,0.0,0.0
2025-02-25 00:00:00+05:30,12053.0,12097.25,11561.099609375,11642.0498046875,69293,0.0,0.0
2025-02-27 00:00:00+05:30,11759.0,12449.0,11759.0,12068.650390625,250322,0.0,0.0
2025-02-28 00:00:00+05:30,11854.150390625,12000.0,11202.0,11574.349609375,182651,0.0,0.0
2025-03-03 00:00:00+05:30,11594.75,11836.099609375,11303.650390625,11346.75,60270,0.0,0.0
2025-03-04 00:00:00+05:30,11343.75,11444.9501953125,11082.650390625,11209.150390625,69989,0.0,0.0
2025-03-05 00:00:00+05:30,11225.0,11595.0,11225.0,11560.0,40281,0.0,0.0
2025-03-06 00:00:00+05:30,11676.099609375,12095.0,11299.0,11361.9501953125,139333,0.0,0.0
2025-03-07 00:00:00+05:30,11450.150390625,11907.9501953125,11435.0498046875,11774.9501953125,138683,0.0,0.0
2025-03-10 00:00:00+05:30,11838.099609375,12015.0,11536.0498046875,11637.2001953125,83095,0.0,0.0
2025-03-11 00:00:00+05:30,11587.2001953125,11705.0,11315.5498046875,11384.5498046875,78819,0.0,0.0
2025-03-12 00:00:00+05:30,11454.0,11582.0498046875,11283.7998046875,11458.2998046875,63518,0.0,0.0
2025-03-13 00:00:00+05:30,11543.9501953125,11589.9501953125,11285.25,11320.2001953125,40038,0.0,0.0
2025-03-17 00:00:00+05:30,11442.849609375,11722.400390625,11311.2998046875,11566.599609375,85256,0.0,0.0
2025-03-18 00:00:00+05:30,11566.599609375,11566.599609375,11566.599609375,11566.599609375,0,0.0,0.0
2025-03-19 00:00:00+05:30,11699.9501953125,11900.0,11527.5,11870.0498046875,67825,0.0,0.0
2025-03-20 00:00:00+05:30,11870.0498046875,12049.849609375,11802.9501953125,11998.7001953125,51283,0.0,0.0
2025-03-21 00:00:00+05:30,12005.0,12390.0,11950.0,12273.5498046875,161147,0.0,0.0
2025-03-24 00:00:00+05:30,12400.0,12550.0,12338.0,12435.5,41834,0.0,0.0
2025-03-25 00:00:00+05:30,12570.0,12795.0,12451.0,12521.5,46286,0.0,0.0
2025-03-26 00:00:00+05:30,12521.099609375,12800.0,12460.099609375,12599.0498046875,63984,0.0,0.0
2025-03-27 00:00:00+05:30,12599.0498046875,12681.0,12203.349609375,12462.5498046875,116843,0.0,0.0
2025-03-28 00:00:00+05:30,12562.5498046875,12899.9501953125,12434.7001953125,12473.0498046875,51564,0.0,0.0
2025-04-01 00:00:00+05:30,12499.0,12532.0,11806.099609375,11911.4501953125,57842,0.0,0.0
2025-04-02 00:00:00+05:30,11989.0,12055.5,11405.0,11515.099609375,209700,0.0,0.0
2025-04-03 00:00:00+05:30,11499.9501953125,11699.650390625,11400.0498046875,11499.849609375,61864,0.0,0.0
2025-04-04 00:00:00+05:30,11506.349609375,11639.900390625,11201.150390625,11506.900390625,63954,0.0,0.0
