Date,Open,High,Low,Close,Volume,Dividends,Stock Splits
2015-04-06 00:00:00+05:30,33.98807941388261,35.738869588111214,33.92441456896331,34.10631561279297,514290,0.0,0.0
2015-04-07 00:00:00+05:30,34.10631651175405,34.561067398577435,32.78753824607144,33.30595397949219,708620,0.0,0.0
2015-04-08 00:00:00+05:30,33.31050087210111,35.47056748155477,32.86029848705711,34.929412841796875,980450,0.0,0.0
2015-04-09 00:00:00+05:30,34.16998073161209,35.6524695669175,34.16998073161209,34.62928009033203,454270,0.0,0.0
2015-04-10 00:00:00+05:30,33.56970648775516,36.9894312390456,33.56970648775516,36.17543029785156,1313800,0.0,0.0
2015-04-13 00:00:00+05:30,36.59380950701563,39.736136767852614,36.56197707928991,38.9539680480957,3950130,0.0,0.0
2015-04-15 00:00:00+05:30,39.78160679343328,40.92757743504613,38.835724171149636,39.35868835449219,2554040,0.0,0.0
2015-04-16 00:00:00+05:30,39.38142230921703,39.581513790365086,37.62608377770982,38.39916229248047,487370,0.0,0.0
2015-04-17 00:00:00+05:30,38.908484335123816,38.908484335123816,37.19862351764085,37.35323715209961,363680,0.0,0.0
2015-04-20 00:00:00+05:30,36.74387000249482,38.062644689572416,35.83436830411103,37.016719818115234,787720,0.0,0.0
2015-04-21 00:00:00+05:30,35.92531417874774,38.62653511457114,35.92531417874774,38.430992126464844,728420,0.0,0.0
2015-04-22 00:00:00+05:30,37.70793868654696,39.454183710087186,37.70793868654696,38.62653732299805,2183700,0.0,0.0
2015-04-23 00:00:00+05:30,38.72203090777533,40.09992526220815,38.72203090777533,39.45872497558594,784080,0.0,0.0
2015-04-24 00:00:00+05:30,39.113118842214085,39.790696589834134,33.10586095053136,35.42963790893555,1972560,0.0,0.0
2015-04-27 00:00:00+05:30,36.83481447904667,37.562415058812206,32.56015630239846,34.565608978271484,1323840,0.0,0.0
2015-04-28 00:00:00+05:30,34.47466454428028,38.1081267254509,34.47466454428028,37.657920837402344,1292390,0.0,0.0
2015-04-29 00:00:00+05:30,38.003530584719556,41.9871492316281,37.65337393661898,40.78205871582031,11757190,0.0,0.0
2015-04-30 00:00:00+05:30,41.33685332340345,44.84298199148368,39.74522533436846,43.096736907958984,11083500,0.0,0.0
2015-05-04 00:00:00+05:30,43.9243853533884,45.929838377599346,43.61970309979488,45.16130828857422,5227580,0.0,0.0
2015-05-05 00:00:00+05:30,45.11128219984394,45.38413548099318,43.747029671992124,44.08809280395508,1650970,0.0,0.0
2015-05-06 00:00:00+05:30,44.20177835447285,44.383679376524995,41.84616896605483,42.67836380004883,2244750,0.0,0.0
2015-05-07 00:00:00+05:30,42.92394107335526,47.721564892039524,42.49192906689383,45.34321594238281,9419660,0.0,0.0
2015-05-08 00:00:00+05:30,45.92984231488659,47.29409505691293,44.44280835264651,45.35231018066406,2957140,0.0,0.0
2015-05-11 00:00:00+05:30,45.47508650112407,47.02124013605704,45.47508650112407,46.057167053222656,1932450,0.0,0.0
2015-05-12 00:00:00+05:30,45.656994355755934,46.220884541083095,44.965770994862005,46.10719680786133,1269440,0.0,0.0
2015-05-13 00:00:00+05:30,45.957119357097994,48.84024152301796,45.747934384408794,48.194496154785156,5784520,0.0,0.0
2015-05-14 00:00:00+05:30,48.20359266045613,50.36820779288777,47.39868513976983,50.07716751098633,3955950,0.0,0.0
2015-05-15 00:00:00+05:30,49.686086598557594,50.38640343321539,48.20359762468525,48.799320220947266,1232070,0.0,0.0
2015-05-18 00:00:00+05:30,48.74929041746833,50.29544402309699,48.02168974113534,49.15401840209961,2228140,0.0,0.0
2015-05-19 00:00:00+05:30,49.0858122320166,51.84160151828314,48.93119512511631,51.523277282714844,2988670,0.0,0.0
2015-05-20 00:00:00+05:30,51.750645416454965,51.750645416454965,49.113089236343434,49.83159637451172,1030490,0.0,0.0
2015-05-21 00:00:00+05:30,49.30408832387559,50.53191775035494,48.80386306248346,49.37685012817383,2225910,0.0,0.0
2015-05-22 00:00:00+05:30,49.37684503018559,50.932092007011796,49.37684503018559,50.55919647216797,1145310,0.0,0.0
2015-05-25 00:00:00+05:30,49.56784229403131,51.204944648379815,48.667434090929135,50.7411003112793,800000,0.0,0.0
2015-05-26 00:00:00+05:30,50.91845058717302,52.2963450360506,50.058971802834066,51.75973892211914,1717590,0.0,0.0
2015-05-27 00:00:00+05:30,51.113994826417695,52.01439954171887,50.659243988939735,51.386844635009766,986220,0.0,0.0
2015-05-28 00:00:00+05:30,51.65969986911241,51.746103647539236,49.8497932887716,50.22723388671875,1240620,0.0,0.0
2015-05-29 00:00:00+05:30,50.659249429214086,52.06442800257519,49.60422751174582,51.44142150878906,3302490,0.0,0.0
2015-06-01 00:00:00+05:30,51.723358121398626,52.569194937664996,51.350462581822214,52.00985336303711,1108900,0.0,0.0
2015-06-02 00:00:00+05:30,52.36001657165964,52.36001657165964,50.11354609165958,50.631961822509766,711960,0.0,0.0
2015-06-03 00:00:00+05:30,50.64105677120929,51.53691653333384,46.74839046418465,49.163116455078125,1506860,0.0,0.0
2015-06-04 00:00:00+05:30,49.13583596636273,50.74565109377301,48.56739734328807,49.64060974121094,561490,0.0,0.0
2015-06-05 00:00:00+05:30,49.56784753406488,50.25906736760439,48.85388876799538,49.27225875854492,381690,0.0,0.0
2015-06-08 00:00:00+05:30,49.29500053622448,50.022601316017166,48.02169656948164,48.740203857421875,429320,0.0,0.0
2015-06-09 00:00:00+05:30,48.6492470863681,48.70381496748636,45.92983549766097,47.503273010253906,538300,0.0,0.0
2015-06-10 00:00:00+05:30,47.3804917246296,49.5542002120018,47.3804917246296,48.194496154785156,410050,0.0,0.0
2015-06-11 00:00:00+05:30,48.553746166164025,48.912999749844296,46.57558068544616,46.8256950378418,340060,0.0,0.0
2015-06-12 00:00:00+05:30,46.83025222293103,48.185408049254036,42.74658735150575,46.953033447265625,789810,0.0,0.0
2015-06-15 00:00:00+05:30,46.020782736489146,48.567390167166366,46.020782736489146,47.23497009277344,464830,0.0,0.0
2015-06-16 00:00:00+05:30,47.439613284417526,49.2085939905275,47.36685494525689,48.9266471862793,936880,0.0,0.0
2015-06-17 00:00:00+05:30,49.294992210281634,50.44551129111105,49.11309117868807,49.75429153442383,649300,0.0,0.0
2015-06-18 00:00:00+05:30,50.57499835447527,52.05503933179035,50.307575699736496,51.492530822753906,1802820,0.75,0.0
2015-06-19 00:00:00+05:30,51.27122432914467,54.38807320957667,51.27122432914467,52.9218635559082,1986590,0.0,0.0
2015-06-22 00:00:00+05:30,53.94543974864416,58.334844922283764,53.94543974864416,57.41270065307617,9092960,0.0,0.0
2015-06-23 00:00:00+05:30,57.767728496698425,57.89221642596419,54.95057745675691,56.343013763427734,2340140,0.0,0.0
2015-06-24 00:00:00+05:30,56.06636890161919,56.72570217173001,54.70620755923236,55.692901611328125,1730630,0.0,0.0
2015-06-25 00:00:00+05:30,55.66063529405482,57.34815767886815,55.32866275469439,56.01565933227539,1559790,0.0,0.0
2015-06-26 00:00:00+05:30,55.80356333623779,58.78670079427768,55.80356333623779,58.380958557128906,3464180,0.0,0.0
2015-06-29 00:00:00+05:30,57.532583013133504,58.925022892963064,55.789730827791736,57.67090606689453,1503260,0.0,0.0
2015-06-30 00:00:00+05:30,58.41784244437664,59.930158596878094,57.89683215942994,59.280052185058594,1767100,0.0,0.0
2015-07-01 00:00:00+05:30,59.238547762377515,60.3082385255703,58.2103588395209,58.634544372558594,935360,0.0,0.0
2015-07-02 00:00:00+05:30,59.00340427881311,61.507022705193826,58.666820057642724,61.105892181396484,1941380,0.0,0.0
2015-07-03 00:00:00+05:30,61.50702132610006,61.76522763702675,59.02184274607683,59.69040298461914,1221860,0.0,0.0
2015-07-06 00:00:00+05:30,59.28005263137388,66.27912483718742,58.55616594311515,65.19560241699219,6293470,0.0,0.0
2015-07-07 00:00:00+05:30,65.47224658655594,66.27912286491137,63.53574492558344,64.54549407958984,2140150,0.0,0.0
2015-07-08 00:00:00+05:30,63.25908993204987,66.83701388654123,63.25908993204987,64.32416534423828,2221980,0.0,0.0
2015-07-09 00:00:00+05:30,64.99274596391139,65.93333023674593,63.62796903965692,64.44867706298828,1348530,0.0,0.0
2015-07-10 00:00:00+05:30,65.00194450148724,65.93331213938272,64.59159060245543,65.74888610839844,937800,0.0,0.0
2015-07-13 00:00:00+05:30,66.3021757273798,68.57987324485423,65.2555399903803,67.82371520996094,3418350,0.0,0.0
2015-07-14 00:00:00+05:30,68.35393359460984,69.52966876672387,67.41334967815943,67.72687530517578,2788930,0.0,0.0
2015-07-15 00:00:00+05:30,68.1510706919881,69.1608197865359,67.88364801123187,68.16951751708984,1401360,0.0,0.0
2015-07-16 00:00:00+05:30,68.60753441650714,72.38832447903215,68.26173031867735,69.7371597290039,4691860,0.0,0.0
2015-07-17 00:00:00+05:30,70.21206460519988,72.01946654174148,70.17517798991506,71.53073120117188,2546340,0.0,0.0
2015-07-20 00:00:00+05:30,72.20389978183174,73.67932921955676,70.18440156167536,71.33708190917969,8264270,0.0,0.0
2015-07-21 00:00:00+05:30,70.54404036908761,71.70132895612305,66.86468650798524,67.50096130371094,3701330,0.0,0.0
2015-07-22 00:00:00+05:30,67.13210772720348,72.60964007477075,67.05833449484635,71.95953369140625,7690030,0.0,0.0
2015-07-23 00:00:00+05:30,72.10707291319656,75.98469136470037,71.69211079433664,72.75257110595703,8857870,0.0,0.0
2015-07-24 00:00:00+05:30,71.92724955443028,75.15475434212907,71.92724955443028,74.16806030273438,3891400,0.0,0.0
2015-07-27 00:00:00+05:30,74.60146668839272,75.16397520946468,72.84939131302443,73.32890319824219,2951040,0.0,0.0
2015-07-28 00:00:00+05:30,73.97442390439315,78.28544469549914,73.97442390439315,77.65838623046875,5995970,0.0,0.0
2015-07-29 00:00:00+05:30,78.29005644224343,81.99246543142743,78.29005644224343,79.92224884033203,5817320,0.0,0.0
2015-07-30 00:00:00+05:30,80.49859454322268,82.9929968595539,80.33722349279344,82.81778717041016,3083460,0.0,0.0
2015-07-31 00:00:00+05:30,83.26040842367043,83.91513002245445,81.05648414305575,82.7255630493164,3623520,0.0,0.0
2015-08-03 00:00:00+05:30,83.16819603907828,87.62676285159644,82.96532316894879,87.05042266845703,4162720,0.0,0.0
2015-08-04 00:00:00+05:30,87.23023517948839,88.80249279125537,82.16305006705373,85.34445190429688,5244320,0.0,0.0
2015-08-05 00:00:00+05:30,85.44590286374344,86.57091311387762,83.63849366164492,86.11906433105469,2397280,0.0,0.0
2015-08-06 00:00:00+05:30,86.47869700721162,86.49714383424849,80.37410584299354,80.9273910522461,4118280,0.0,0.0
2015-08-07 00:00:00+05:30,80.97350174026288,83.21431303067081,80.97350174026288,81.33313751220703,1692230,0.0,0.0
2015-08-10 00:00:00+05:30,81.70197096493582,84.74504949949886,79.02775150053218,80.08821868896484,2035550,0.0,0.0
2015-08-11 00:00:00+05:30,80.72451848781407,81.79420229189627,77.83359393608055,78.19322967529297,1518490,0.0,0.0
2015-08-12 00:00:00+05:30,78.18861982838261,79.25830360978429,74.42626921365321,74.8089599609375,2187120,0.0,0.0
2015-08-13 00:00:00+05:30,75.56050136358789,78.15172442963102,70.63624745793118,72.43904113769531,3740540,0.0,0.0
2015-08-14 00:00:00+05:30,73.17215169069661,76.07690775761334,65.91488026544641,74.39860534667969,3977560,0.0,0.0
2015-08-17 00:00:00+05:30,74.69369910813735,75.40374722630375,72.78946860176738,74.20496368408203,2514440,0.0,0.0
2015-08-18 00:00:00+05:30,74.32482384247629,78.19783384595256,73.77153870923745,77.32179260253906,3184790,0.0,0.0
2015-08-19 00:00:00+05:30,78.05951767736254,81.05648670132493,77.55233548991548,80.8259506225586,3530430,0.0,0.0
2015-08-20 00:00:00+05:30,80.57695066206836,82.07082666901283,74.78588671490783,78.04566955566406,2492000,0.0,0.0
2015-08-21 00:00:00+05:30,76.99904548170517,79.1015332626071,76.34893209183612,78.1471176147461,2670740,0.0,0.0
2015-08-24 00:00:00+05:30,75.60198793641396,75.60198793641396,62.70580156618364,67.16897583007812,6335070,0.0,0.0
2015-08-25 00:00:00+05:30,68.69974376927625,70.07373667474921,62.24473428759929,67.87442779541016,3975360,0.0,0.0
2015-08-26 00:00:00+05:30,67.77760962841278,70.7653553482422,64.14897386766278,67.35342407226562,2512370,0.0,0.0
2015-08-27 00:00:00+05:30,68.88418786676745,70.54405069733693,67.40875814815229,69.9169921875,2052660,0.0,0.0
2015-08-28 00:00:00+05:30,70.61780769784367,74.63374192948234,69.71410324565713,71.06504821777344,3284650,0.0,0.0
2015-08-31 00:00:00+05:30,70.95900048451308,71.6506087037984,68.62136836173805,71.17570495605469,1513140,0.0,0.0
2015-09-01 00:00:00+05:30,70.35960112554818,71.5399445062873,68.46920281285097,69.89852905273438,2215160,0.0,0.0
2015-09-02 00:00:00+05:30,70.60858014135187,73.1260368683007,69.38212668372546,70.38265228271484,3341010,0.0,0.0
2015-09-03 00:00:00+05:30,71.37396655721386,71.92725170168482,69.73715910179378,70.51175689697266,1812140,0.0,0.0
2015-09-04 00:00:00+05:30,70.08296285619481,70.29966731733234,65.28781558019503,65.6013412475586,1899270,0.0,0.0
2015-09-07 00:00:00+05:30,66.1177496634477,67.56090787889752,65.19560527742804,66.04398345947266,2453590,0.0,0.0
2015-09-08 00:00:00+05:30,66.67105184626104,68.42312081214207,61.41021565253402,67.29349517822266,4152620,0.0,0.0
2015-09-09 00:00:00+05:30,69.14698397664117,74.69368082307835,68.23867136923207,73.94213104248047,3860940,0.0,0.0
2015-09-10 00:00:00+05:30,72.66497482179922,76.35355208107019,69.2530366357319,75.9201431274414,4638210,0.0,0.0
2015-09-11 00:00:00+05:30,76.1691150125198,80.59541030627014,76.1691150125198,79.7378158569336,4627580,0.0,0.0
2015-09-14 00:00:00+05:30,80.21732806826931,80.22655148088094,77.13275435980553,79.3551254272461,2157760,0.0,0.0
2015-09-15 00:00:00+05:30,79.74703412860761,80.13433300710781,77.73214425194439,79.02775573730469,2084210,0.0,0.0
2015-09-16 00:00:00+05:30,79.67327318692983,81.13947932532943,77.67682982643872,78.54364776611328,1899940,0.0,0.0
2015-09-18 00:00:00+05:30,79.66404368470158,81.14869653643909,79.35051800689492,80.9458236694336,2517210,0.0,0.0
2015-09-21 00:00:00+05:30,80.04212526929906,80.04212526929906,76.82383670878129,77.58921813964844,1583320,0.0,0.0
2015-09-22 00:00:00+05:30,78.10561337999545,79.18452747480146,75.94319107278758,76.52413940429688,1545590,0.0,0.0
2015-09-23 00:00:00+05:30,75.90169141009491,76.99904532534171,75.15475681455509,75.60660552978516,1087900,0.0,0.0
2015-09-24 00:00:00+05:30,75.72187451235878,79.48883299868443,75.32535219614543,78.3684310913086,2325940,0.0,0.0
2015-09-28 00:00:00+05:30,78.8433330066954,79.64560103319256,76.26132630459593,76.75006866455078,1243260,0.0,0.0
2015-09-29 00:00:00+05:30,76.07689873144027,78.38225929905967,75.24696752001685,78.09178161621094,911450,0.0,0.0
2015-09-30 00:00:00+05:30,78.4744739868469,78.83872490411756,76.46419924763103,77.93502044677734,1122110,0.0,0.0
2015-10-01 00:00:00+05:30,77.92119319790187,78.6128014215519,76.27055405987552,78.23933410644531,1319070,0.0,0.0
2015-10-05 00:00:00+05:30,78.47447760766255,82.71633993110868,77.7229347960017,82.3428726196289,3311980,0.0,0.0
2015-10-06 00:00:00+05:30,82.90076886330304,84.24709861400567,82.35670010145482,83.79985809326172,2653800,0.0,0.0
2015-10-07 00:00:00+05:30,84.26553856177995,84.56062443871632,79.11997902241461,79.49805450439453,2421610,0.0,0.0
2015-10-08 00:00:00+05:30,79.76547335823422,80.62767593453508,75.6158244552047,76.26593780517578,1659500,0.0,0.0
2015-10-09 00:00:00+05:30,76.62559494497202,77.78749893320544,70.26740496044852,70.52099609375,4100780,0.0,0.0
2015-10-12 00:00:00+05:30,70.96823014553807,74.42627154641775,70.74230224126877,73.8868179321289,2826550,0.0,0.0
2015-10-13 00:00:00+05:30,74.14038627136505,74.60145831654094,70.10600587607591,71.75202941894531,2202120,0.0,0.0
2015-10-14 00:00:00+05:30,72.28688434734813,73.66087725581507,71.09731746745591,73.35657501220703,1302010,0.0,0.0
2015-10-15 00:00:00+05:30,73.95596786024159,74.10351432087448,70.17979297307595,70.54403686523438,2542570,0.0,0.0
2015-10-16 00:00:00+05:30,71.48923426085629,71.53072906353574,66.02552677518784,67.56550598144531,4922060,0.0,0.0
2015-10-19 00:00:00+05:30,67.50097111607928,71.12961432113065,67.1321189633628,70.50716400146484,2700440,0.0,0.0
2015-10-20 00:00:00+05:30,70.71462809128067,71.927250006175,65.56445340624063,70.06912994384766,9830460,0.0,0.0
2015-10-21 00:00:00+05:30,70.87139788699257,71.92724993468765,68.70896854213794,69.47895812988281,2890720,0.0,0.0
2015-10-23 00:00:00+05:30,70.49791961651,70.49791961651,67.03987894790288,67.63005065917969,2208770,0.0,0.0
2015-10-26 00:00:00+05:30,67.88825915400515,70.35960591389146,66.98455473421156,69.63111114501953,2425360,0.0,0.0
2015-10-27 00:00:00+05:30,69.60805522242376,69.60805522242376,67.50095235682825,68.04041290283203,1446110,0.0,0.0
2015-10-28 00:00:00+05:30,68.44155761407373,70.71003196467156,67.96203859241045,70.37345123291016,1788870,0.0,0.0
2015-10-29 00:00:00+05:30,70.62702797642392,71.92725480567358,70.55326177993948,71.17570495605469,1467110,0.0,0.0
2015-10-30 00:00:00+05:30,71.41748318620589,71.79877663425782,66.02827563151249,66.83270263671875,3646120,0.65,0.0
2015-11-02 00:00:00+05:30,67.40930965225189,68.51132892095285,66.98152155176395,68.0044937133789,1606800,0.0,0.0
2015-11-03 00:00:00+05:30,68.6043147436562,68.6461690488629,66.60021793933605,66.9954605102539,1494340,0.0,0.0
2015-11-04 00:00:00+05:30,67.74873358915833,68.34857193554276,66.02827982953193,66.3398208618164,1607420,0.0,0.0
2015-11-05 00:00:00+05:30,66.5816257061321,66.81411968116844,64.2613332810143,65.34940338134766,1021550,0.0,0.0
2015-11-06 00:00:00+05:30,65.55866842487005,67.88825602602809,62.77338742132734,66.88853454589844,2236480,0.0,0.0
2015-11-09 00:00:00+05:30,65.83298283338043,68.79030594106897,63.4382910695292,67.89287567138672,1949360,0.0,0.0
2015-11-10 00:00:00+05:30,66.77227616190054,69.55754959600091,66.77227616190054,68.6136245727539,1235100,0.0,0.0
2015-11-13 00:00:00+05:30,68.72056590602547,69.28320444655273,67.08381343297951,68.89261627197266,1461930,0.0,0.0
2015-11-16 00:00:00+05:30,68.911207914541,69.93417991341775,67.42324799843365,69.43199920654297,512200,0.0,0.0
2015-11-17 00:00:00+05:30,69.47850423807999,70.7897737684518,69.37155898760223,70.18063354492188,1392300,0.0,0.0
2015-11-18 00:00:00+05:30,70.30617610497522,71.7941361150241,69.59009778909802,70.9432144165039,935210,0.0,0.0
2015-11-19 00:00:00+05:30,71.14315574427016,72.39862177955023,70.02253309147468,71.75228881835938,812550,0.0,0.0
2015-11-20 00:00:00+05:30,72.01734404229131,76.47192995423565,71.16641514695193,75.36990356445312,4100650,0.0,0.0
2015-11-23 00:00:00+05:30,75.77908560894812,77.6529864508995,74.33297282297255,75.42569732666016,2578850,0.0,0.0
2015-11-24 00:00:00+05:30,75.60704188655372,78.00637426478009,75.14670127167133,77.387939453125,1816160,0.0,0.0
2015-11-26 00:00:00+05:30,77.36933944028523,78.11797027253648,76.35101476400811,77.28099060058594,648910,0.0,0.0
2015-11-27 00:00:00+05:30,77.39259563707593,77.93198336263644,76.3603218190785,76.86715698242188,712760,0.0,0.0
2015-11-30 00:00:00+05:30,77.00200375081411,83.18633751997946,75.65353450189286,81.83787536621094,2457630,0.0,0.0
2015-12-01 00:00:00+05:30,81.83788077808373,83.38164420752565,78.94565510570057,80.526611328125,2340640,0.0,0.0
2015-12-02 00:00:00+05:30,81.12178931366033,82.93523922206285,80.0709121555817,80.7730484008789,1576120,0.0,0.0
2015-12-03 00:00:00+05:30,79.69892560712276,82.30286076311275,79.28043932265945,81.89366912841797,1056570,0.0,0.0
2015-12-04 00:00:00+05:30,81.82858139303124,81.82858139303124,79.61059387328253,81.0706558227539,1187890,0.0,0.0
2015-12-07 00:00:00+05:30,80.76839837335169,81.32638244511486,79.04794452910171,79.68032836914062,438390,0.0,0.0
2015-12-08 00:00:00+05:30,79.04795583557373,79.97793178658048,79.04795583557373,79.06190490722656,683380,0.0,0.0
2015-12-09 00:00:00+05:30,79.04795026048245,79.97792614589989,73.93308289068652,74.48641967773438,1738530,0.0,0.0
2015-12-10 00:00:00+05:30,75.12346117861776,75.79304504305712,73.46810501106151,74.5980224609375,799300,0.0,0.0
2015-12-11 00:00:00+05:30,74.99325240378822,76.01157710056627,73.46809256870827,73.85868072509766,746230,0.0,0.0
2015-12-14 00:00:00+05:30,72.55207030392887,74.86306101594643,72.194027590688,73.87728881835938,968100,0.0,0.0
2015-12-15 00:00:00+05:30,74.34226166106637,74.61660279686184,73.56107836327976,74.21671295166016,627980,0.0,0.0
2015-12-16 00:00:00+05:30,74.77005739044958,74.8630535534731,73.46808982266303,73.49134063720703,993490,0.0,0.0
2015-12-17 00:00:00+05:30,73.68662880855274,79.45713001583844,73.68662880855274,78.86194610595703,1691250,0.0,0.0
2015-12-18 00:00:00+05:30,78.30396074573184,79.2339365602662,77.18799260635157,78.401611328125,749260,0.0,0.0
2015-12-21 00:00:00+05:30,77.75529765719321,80.44292785849476,77.56000353924426,79.912841796875,708600,0.0,0.0
2015-12-22 00:00:00+05:30,78.30396538213104,81.8378765246664,78.30396538213104,81.19154357910156,1570210,0.0,0.0
2015-12-23 00:00:00+05:30,81.37289453164098,83.4978929545123,79.32695030719249,82.86550903320312,3658240,0.0,0.0
2015-12-24 00:00:00+05:30,82.85620071429828,83.13984363654221,81.37288807642359,82.0889663696289,718080,0.0,0.0
2015-12-28 00:00:00+05:30,82.08897205545466,82.67486143108383,81.37289371265076,82.27031707763672,1060430,0.0,0.0
2015-12-29 00:00:00+05:30,82.32146766817941,83.13985104205591,81.83788329783243,82.47491455078125,962470,0.0,0.0
2015-12-30 00:00:00+05:30,81.97737555878314,87.18523908793877,81.97737555878314,85.2369384765625,2620140,0.0,0.0
2015-12-31 00:00:00+05:30,85.83677003259349,86.11575851827953,84.62779864249687,84.8928451538086,1154580,0.0,0.0
2016-01-01 00:00:00+05:30,85.00910068570788,86.02277101414707,84.16281920843578,84.71615600585938,543920,0.0,0.0
2016-01-04 00:00:00+05:30,83.986108606914,84.46039823111003,79.97791535215576,82.05641174316406,1184760,0.0,0.0
2016-01-05 00:00:00+05:30,82.02851746353902,83.4002303548882,81.04739270688512,81.7355728149414,2409860,0.0,0.0
2016-01-06 00:00:00+05:30,81.65186685406226,82.94453247075815,78.86193983757018,79.32227325439453,3309700,0.0,0.0
2016-01-07 00:00:00+05:30,78.1179710253756,80.90789856199615,77.76458275832528,79.36878967285156,1260820,0.0,0.0
2016-01-08 00:00:00+05:30,80.07558587373366,81.92623611026247,79.69893963722933,81.131103515625,3919650,0.0,0.0
2016-01-11 00:00:00+05:30,80.53591851340697,82.30287429585147,79.51759367926762,81.26595306396484,2193740,0.0,0.0
2016-01-12 00:00:00+05:30,81.72164060826887,82.30287560548274,80.34992743387491,81.8983383178711,2260140,0.0,0.0
2016-01-13 00:00:00+05:30,81.83789085482279,82.0238832232494,75.79769396986194,79.83379364013672,2557670,0.0,0.0
2016-01-14 00:00:00+05:30,78.11797133476092,80.16391536499121,76.6300113950341,79.06654357910156,731380,0.0,0.0
2016-01-15 00:00:00+05:30,79.05261103357462,79.50364998234215,75.89999281331866,77.0159683227539,784360,0.0,0.0
2016-01-18 00:00:00+05:30,78.02496865433251,78.02496865433251,69.79468449490734,71.54768371582031,2359640,0.0,0.0
2016-01-19 00:00:00+05:30,70.97575429410873,72.61251372384798,69.7481864955924,70.16202545166016,1439730,0.0,0.0
2016-01-20 00:00:00+05:30,69.17161075810824,73.00311434553024,66.49792981870188,71.92899322509766,2228020,0.0,0.0
2016-01-21 00:00:00+05:30,72.53811064271603,77.60182846723801,72.398612857065,76.75555419921875,1654890,0.0,0.0
2016-01-22 00:00:00+05:30,76.72300106271237,77.45768277279174,75.56053134964097,75.90462493896484,1697470,0.0,0.0
2016-01-25 00:00:00+05:30,76.53236481075248,79.8198330153267,76.46261945647491,77.2949447631836,1614150,0.0,0.0
2016-01-27 00:00:00+05:30,77.18798699662133,79.14093464618017,76.16501509400973,78.2621078491211,2132270,0.0,0.0
2016-01-28 00:00:00+05:30,77.37399051295051,81.27989347285775,76.2719713636765,77.60183715820312,1165360,0.0,0.0
2016-01-29 00:00:00+05:30,78.57830722512504,79.28043639495459,76.46261087590666,77.25773620605469,908170,0.0,0.0
2016-02-01 00:00:00+05:30,77.93197920406378,79.04794738795025,77.28099185083612,78.51321411132812,966910,0.0,0.0
2016-02-02 00:00:00+05:30,78.95494120318946,83.41882046746429,78.49925508035919,80.23365783691406,6662520,0.0,0.0
2016-02-03 00:00:00+05:30,79.59664027356683,82.76786175315354,78.67131871958439,82.3354263305664,2350790,0.0,0.0
2016-02-04 00:00:00+05:30,82.58185953733442,83.67457692012617,81.5588804111086,82.0889663696289,1565230,0.0,0.0
2016-02-05 00:00:00+05:30,82.36796805857715,85.04629618994987,79.52224397554654,84.0186767578125,2878540,0.0,0.0
2016-02-08 00:00:00+05:30,84.27906648218216,85.0974427252161,82.85620448121092,83.34909057617188,468620,0.0,0.0
2016-02-09 00:00:00+05:30,83.0375544010445,85.04165146158033,79.60594083483863,84.08842468261719,710470,0.0,0.0
2016-02-10 00:00:00+05:30,83.41882446343293,84.16280792402661,82.48884868526689,83.7117691040039,2879000,0.0,0.0
2016-02-11 00:00:00+05:30,83.69782694163163,84.06516428245271,77.65763120975556,79.87562561035156,1219730,0.0,0.0
2016-02-12 00:00:00+05:30,81.65189165345295,82.11687963076156,74.58406872223934,78.63411712646484,589040,0.0,0.0
2016-02-15 00:00:00+05:30,79.04794723789841,81.10784033965979,79.04794723789841,80.00582122802734,736000,0.0,0.0
2016-02-16 00:00:00+05:30,79.97793260585922,81.37289654665909,78.58296866505935,80.76376342773438,381020,0.0,0.0
2016-02-17 00:00:00+05:30,81.18690269946076,82.90270235515943,78.30862601932178,80.85675811767578,1519340,0.0,0.0
2016-02-18 00:00:00+05:30,81.37287819522551,82.2098577899782,80.08021246922208,80.90789031982422,535870,0.0,0.0
2016-02-19 00:00:00+05:30,81.82857034592803,81.96806813784049,79.9779204523364,80.66145324707031,585250,0.0,0.0
2016-02-22 00:00:00+05:30,80.67539999476281,81.65187741489288,80.07091431064192,81.01483917236328,1298290,0.0,0.0
2016-02-23 00:00:00+05:30,80.5359153974233,81.83788313912181,80.43361747588712,81.0706558227539,835080,0.0,0.0
2016-02-24 00:00:00+05:30,82.20057321898919,82.20057321898919,80.4429192503793,81.15435028076172,293240,0.0,0.0
2016-02-25 00:00:00+05:30,81.83788796094449,81.83788796094449,76.96946303565554,78.01568603515625,474530,0.0,0.0
2016-02-26 00:00:00+05:30,79.04794522866818,79.5036313968731,72.3056204885759,77.5413818359375,1123630,0.0,0.0
2016-02-29 00:00:00+05:30,78.122615425781,78.25746589162159,74.19812346444536,75.50008392333984,759530,0.0,0.0
2016-03-01 00:00:00+05:30,75.70003407860231,79.86167450418586,75.70003407860231,79.03399658203125,1848710,0.0,0.0
2016-03-02 00:00:00+05:30,80.21971368839453,80.71724704691489,79.52687917010304,79.99186706542969,611660,0.0,0.0
2016-03-03 00:00:00+05:30,80.98230832153656,80.98230832153656,78.12728240737063,78.58761596679688,1428320,0.0,0.0
2016-03-04 00:00:00+05:30,79.80588384409988,79.80588384409988,78.671312114925,79.00144958496094,754400,0.0,0.0
2016-03-08 00:00:00+05:30,79.97792255720589,80.07557314266032,77.93662586411587,79.11304473876953,1106900,0.0,0.0
2016-03-09 00:00:00+05:30,79.88027700523891,82.67485913251505,79.1502496114217,81.77278137207031,1275210,0.0,0.0
2016-03-10 00:00:00+05:30,82.581858419129,83.88381893460027,81.6100282623736,83.63272857666016,1830470,0.0,0.0
2016-03-11 00:00:00+05:30,84.4418134265388,90.67264903498423,83.12589669425375,90.52384948730469,5323380,0.0,0.0
2016-03-14 00:00:00+05:30,91.2306371953951,93.74157646022356,90.93304518198802,92.42100524902344,3634790,0.0,0.0
2016-03-15 00:00:00+05:30,92.69071072881658,92.69071072881658,88.90570850839049,89.37535095214844,3159710,0.0,0.0
2016-03-16 00:00:00+05:30,89.23118232102445,89.89611876077747,86.48775632928566,87.33403778076172,2651730,0.0,0.0
2016-03-17 00:00:00+05:30,87.7943696764592,91.044637852099,86.67374706553422,87.213134765625,1461560,0.0,0.0
2016-03-18 00:00:00+05:30,87.5153879094054,89.6496809633552,85.55778545723918,87.38983917236328,6055660,0.0,0.0
2016-03-21 00:00:00+05:30,87.47358100490962,91.19586104767173,85.61244098352856,90.87016296386719,734310,0.06,10.0
2016-03-22 00:00:00+05:30,90.73056808425666,91.9403118319208,88.45067459791092,90.82362365722656,362664,0.0,0.0
2016-03-23 00:00:00+05:30,91.28891949313636,103.66550386352938,90.26529386919607,100.68767547607422,2334421,0.0,0.0
2016-03-28 00:00:00+05:30,100.31545722393138,100.31545722393138,92.12643769964406,93.336181640625,1645048,0.0,0.0
2016-03-29 00:00:00+05:30,93.89453266190647,93.89453266190647,87.47359699450041,88.40416717529297,1695484,0.0,0.0
2016-03-30 00:00:00+05:30,89.28818822273071,94.40632319765855,89.00902148390965,93.10353088378906,1009601,0.0,0.0
2016-03-31 00:00:00+05:30,93.10354308722586,93.9875818588953,91.28892709845505,92.07991027832031,440892,0.0,0.0
2016-04-01 00:00:00+05:30,92.77783746224476,93.05701133612776,91.00975992660756,91.80074310302734,244762,0.0,0.0
2016-04-04 00:00:00+05:30,91.8472532153072,92.91741010093283,88.40414716557478,89.3812484741211,351774,0.0,0.0
2016-04-05 00:00:00+05:30,89.8000020874417,91.05627012675897,85.7054928003052,86.72911834716797,521642,0.0,0.0
2016-04-06 00:00:00+05:30,86.54300674348508,88.35761533532914,81.47140327419801,83.65824127197266,1832357,0.0,0.0
2016-04-07 00:00:00+05:30,84.68188132016797,84.68188132016797,81.98322653947804,83.37908172607422,532881,0.0,0.0
2016-04-08 00:00:00+05:30,82.9137807649429,88.40414486603362,82.07626639364342,85.84507751464844,1240028,0.0,0.0
2016-04-11 00:00:00+05:30,86.44995440897316,87.61316690882563,82.86726132936467,84.82145690917969,669415,0.0,0.0
2016-04-12 00:00:00+05:30,85.28674980329419,85.28674980329419,81.70405639207024,81.93669891357422,1071175,0.0,0.0
2016-04-13 00:00:00+05:30,82.82073671044381,86.91524646213334,82.16934049753954,84.49576568603516,1853887,0.0,0.0
2016-04-18 00:00:00+05:30,84.9145223746901,89.33473038871506,83.79784108470575,88.7298583984375,1177693,0.0,0.0
2016-04-20 00:00:00+05:30,90.91669749980903,93.52229666466947,90.73058631647038,91.98685455322266,3761825,0.0,0.0
2016-04-21 00:00:00+05:30,92.77782425490976,93.52228307949638,91.66114311771535,92.68476867675781,1540055,0.0,0.0
2016-04-22 00:00:00+05:30,92.49865688791694,93.38269552384337,90.73057251637861,92.4521255493164,1281592,0.0,0.0
2016-04-25 00:00:00+05:30,92.87088600056569,97.47720451986409,91.42849970478899,92.2660140991211,5650658,0.0,0.0
2016-04-26 00:00:00+05:30,92.12642921447754,94.35979861537169,88.54373616496275,93.05699920654297,1880090,0.0,0.0
2016-04-27 00:00:00+05:30,92.40561123252812,93.89452193170715,90.73058225864781,93.2896499633789,898280,0.0,0.0
2016-04-28 00:00:00+05:30,93.05699567574871,94.73202443778632,91.24238709994574,91.84725189208984,768902,0.0,0.0
2016-04-29 00:00:00+05:30,91.28892944652526,93.52229920570329,90.63753318745476,93.01048278808594,1254598,0.0,0.0
2016-05-02 00:00:00+05:30,93.52228327270437,94.63896441220572,91.19585831567191,92.63824462890625,1118876,0.0,0.0
2016-05-03 00:00:00+05:30,92.49867129017822,93.98758206131117,91.24240304889999,92.03338623046875,526563,0.0,0.0
2016-05-04 00:00:00+05:30,91.42849674771982,92.1264242038093,87.84580389306429,88.49720001220703,730136,0.0,0.0
2016-05-05 00:00:00+05:30,88.91597021126434,90.26529393013945,85.37980121742571,86.21731567382812,496333,0.0,0.0
2016-05-06 00:00:00+05:30,85.61243487796487,86.54300482229058,84.44922244755774,85.75202178955078,436816,0.0,0.0
2016-05-09 00:00:00+05:30,86.54301608264898,88.77638565955779,86.54301608264898,87.0548324584961,387293,0.0,0.0
2016-05-10 00:00:00+05:30,87.84581539687413,87.84581539687413,86.35690471550734,87.10135650634766,1128329,0.0,0.0
2016-05-11 00:00:00+05:30,86.07772224016492,90.17223152882336,85.89161108600631,89.3812484741211,1122042,0.0,0.0
2016-05-12 00:00:00+05:30,89.10206516503735,92.77781331630601,89.10206516503735,91.52154541015625,522750,0.0,0.0
2016-05-13 00:00:00+05:30,90.91668516755338,92.63824532850698,89.80000401961888,90.07917785644531,340563,0.0,0.0
2016-05-16 00:00:00+05:30,89.79999935017774,90.8701562027853,88.12497061568894,88.49720001220703,567002,0.0,0.0
2016-05-17 00:00:00+05:30,89.42778516866913,92.12643987796082,88.4041594788513,91.24240112304688,378152,0.0,0.0
2016-05-18 00:00:00+05:30,90.9166864680082,97.24456532931134,90.26529030567656,93.42922973632812,2640515,0.0,0.0
2016-05-19 00:00:00+05:30,93.80145838037014,96.03482068968106,92.68477012602904,93.10353088378906,1392980,0.0,0.0
2016-05-20 00:00:00+05:30,93.10355299548479,93.66189370541605,92.12645142833959,92.91743469238281,1435427,0.0,0.0
2016-05-23 00:00:00+05:30,93.42924361150561,95.1973283000085,92.12644399367787,93.01048278808594,1451450,0.0,0.0
2016-05-24 00:00:00+05:30,93.42923722846517,93.98757785519243,92.12643769964406,93.336181640625,565454,0.0,0.0
2016-05-25 00:00:00+05:30,93.80146890314533,95.84872028290563,93.3361838532283,94.31327819824219,395333,0.0,0.0
2016-05-26 00:00:00+05:30,93.9875784659113,94.9181485497322,93.05700838209039,93.5688247680664,261770,0.0,0.0
2016-05-27 00:00:00+05:30,93.15005512374975,94.82508395541858,93.05699954414274,93.10353088378906,248602,0.0,0.0
2016-05-30 00:00:00+05:30,93.52229234391984,94.45286241699368,93.05700730738293,93.19659423828125,165876,0.0,0.0
2016-05-31 00:00:00+05:30,93.61534274516043,97.6633209188433,91.75420270211674,97.01192474365234,1499227,0.0,0.0
2016-06-01 00:00:00+05:30,97.89597485821912,100.40851846959816,97.80291926513546,98.50084686279297,1413040,0.0,0.0
2016-06-02 00:00:00+05:30,98.64041394385222,100.03626885815201,96.3139890866859,99.57098388671875,503195,0.0,0.0
2016-06-03 00:00:00+05:30,99.9432234234501,101.43213406315556,98.17513893268726,100.5015640258789,826373,0.0,0.0
2016-06-06 00:00:00+05:30,100.87379158647636,101.24602101440813,98.64042211857154,99.80363464355469,332197,0.0,0.0
2016-06-07 00:00:00+05:30,99.29182013754487,101.80436349800341,99.29182013754487,100.5015640258789,527004,0.0,0.0
2016-06-08 00:00:00+05:30,100.96684318622864,100.96684318622864,97.47720574891659,98.3147201538086,492347,0.0,0.0
2016-06-09 00:00:00+05:30,99.19876299443561,102.26964690905132,99.01265182978017,99.98974609375,924328,0.0,0.0
2016-06-10 00:00:00+05:30,101.15295607889121,105.85233741499147,100.92031357907804,104.5960693359375,1657739,0.0,0.0
2016-06-13 00:00:00+05:30,105.15441303574511,107.4808381029076,103.71202665423,105.75928497314453,875032,0.0,0.0
2016-06-14 00:00:00+05:30,106.08498483211436,111.57534950213467,106.08498483211436,109.34197998046875,1110848,0.0,0.0
2016-06-15 00:00:00+05:30,110.08643551821648,110.31907802176326,104.68912659605658,105.34052276611328,1756394,0.0,0.0
2016-06-16 00:00:00+05:30,105.10788366219498,105.10788366219498,99.15224105851533,100.82726287841797,1653925,0.0,0.0
2016-06-17 00:00:00+05:30,102.50228804947224,104.68912615363321,101.71130496069306,102.17658996582031,2138272,0.0,0.0
2016-06-20 00:00:00+05:30,101.61824939177711,101.61824939177711,98.64042799043105,99.19876861572266,549631,0.0,0.0
2016-06-21 00:00:00+05:30,100.03628864363716,102.36271396093105,97.70986332634328,101.38561248779297,1901996,0.0,0.0
2016-06-22 00:00:00+05:30,103.57245909406025,104.13079975635571,98.3612606468047,98.82654571533203,1775926,0.0,0.0
2016-06-23 00:00:00+05:30,98.40758774991295,100.26960460121144,97.84898411512953,98.50069427490234,271094,0.05,0.0
2016-06-24 00:00:00+05:30,94.96284642413616,99.94373939930601,92.16982152930863,96.96451568603516,792616,0.0,0.0
2016-06-27 00:00:00+05:30,96.82486927037567,98.68688598711367,96.82486927037567,97.24382019042969,638968,0.0,0.0
2016-06-28 00:00:00+05:30,97.75589010815364,97.98864222745877,95.05596410360796,95.47492218017578,323138,0.0,0.0
2016-06-29 00:00:00+05:30,96.54556849871297,99.15239486694335,96.49902234040589,97.7558822631836,1745401,0.0,0.0
2016-06-30 00:00:00+05:30,98.2213805056432,102.17816597624967,97.4300248321279,101.38681030273438,2145493,0.0,0.0
2016-07-01 00:00:00+05:30,101.80575400049898,103.10916701314461,98.40757235778943,99.80408477783203,772423,0.0,0.0
2016-07-04 00:00:00+05:30,99.3851427253403,100.9213079445113,98.68688645326532,100.17649841308594,545907,0.0,0.0
2016-07-05 00:00:00+05:30,99.61788827328483,100.68854924075318,97.33692077552895,98.26792907714844,1277881,0.0,0.0
2016-07-07 00:00:00+05:30,97.94206775621207,102.13160499659617,97.94206775621207,101.71265411376953,1072415,0.0,0.0
2016-07-08 00:00:00+05:30,101.89886266047942,103.80743264905071,100.73510220477259,101.8057632446289,926173,0.0,0.0
2016-07-11 00:00:00+05:30,102.41091032050022,103.2022659341891,100.96784465204503,101.71265411376953,498731,0.0,0.0
2016-07-12 00:00:00+05:30,101.47991199364242,103.8074329109278,101.47991199364242,103.10917663574219,444671,0.0,0.0
2016-07-13 00:00:00+05:30,103.90053206490123,104.27293683133345,100.0833991907888,101.8057632446289,365309,0.0,0.0
2016-07-14 00:00:00+05:30,101.71267388810729,103.85399617959555,97.75588794738,98.96620178222656,1680705,0.0,0.0
2016-07-15 00:00:00+05:30,98.87308998726596,105.85565304012458,98.40758578374205,104.27294158935547,1608795,0.0,0.0
2016-07-18 00:00:00+05:30,104.83153785894031,104.92463727250798,96.77831428231232,98.12828063964844,1080555,0.0,0.0
2016-07-19 00:00:00+05:30,99.0127358961466,100.87475258287444,98.26793348327344,100.0833969116211,859953,0.0,0.0
2016-07-20 00:00:00+05:30,99.66446021208569,102.2247335214729,99.66446021208569,100.68856811523438,859461,0.0,0.0
2016-07-21 00:00:00+05:30,100.6885469431009,101.80575403833843,98.68687771968997,99.47823333740234,368078,0.0,0.0
2016-07-22 00:00:00+05:30,99.6178860000644,100.78164635053245,98.68687771968997,99.47823333740234,472392,0.0,0.0
2016-07-25 00:00:00+05:30,100.08340153068033,102.22472366045584,99.71099675554152,100.595458984375,943093,0.0,0.0
2016-07-26 00:00:00+05:30,101.3402709868916,102.13162676928377,91.28538372826023,93.1939468383789,5354109,0.0,0.0
2016-07-27 00:00:00+05:30,94.77664385028683,97.19726390928406,94.07838765424746,95.84729766845703,2081663,0.0,0.0
2016-07-28 00:00:00+05:30,95.89387080901592,99.29205308838819,95.89387080901592,97.98863983154297,954672,0.0,0.0
2016-07-29 00:00:00+05:30,97.29038109627581,97.94208415714387,94.96286001741753,95.28871154785156,864467,0.0,0.0
2016-08-01 00:00:00+05:30,95.84731777005216,99.15240063234258,95.52146623083372,98.96620178222656,656149,0.0,0.0
2016-08-02 00:00:00+05:30,98.4075832060292,99.1523927533699,96.91797121437804,97.66278076171875,681376,0.0,0.0
2016-08-03 00:00:00+05:30,97.6627759295789,97.75587534263256,94.68354499065215,95.19560241699219,408354,0.0,0.0
2016-08-04 00:00:00+05:30,95.05594880515021,97.10417138720968,94.7300973111723,96.1266098022461,2262686,0.0,0.0
2016-08-05 00:00:00+05:30,96.54556496519933,97.24382124152342,95.47491102392651,95.9869613647461,464877,0.0,0.0
2016-08-08 00:00:00+05:30,96.17317180339818,96.68522216819365,94.35770113813106,94.86975860595703,545925,0.0,0.0
2016-08-09 00:00:00+05:30,95.61456438474214,95.84731649580823,94.21805171834552,95.33526611328125,1272107,0.0,0.0
2016-08-10 00:00:00+05:30,95.10250502469644,96.0335133810752,94.49734817244423,95.61455535888672,484676,0.0,0.0
2016-08-11 00:00:00+05:30,95.89386341405728,98.12828495304913,95.33525980506688,97.66278076171875,693873,0.0,0.0
2016-08-12 00:00:00+05:30,97.75588571381263,100.54891101992158,97.56968686795098,99.5248031616211,586703,0.0,0.0
2016-08-16 00:00:00+05:30,98.54723798470805,100.64200689034769,96.7783205993396,97.7558822631836,336483,0.0,0.0
2016-08-17 00:00:00+05:30,98.36103461343593,99.05929088314366,95.89386103986257,96.59211730957031,521962,0.0,0.0
2016-08-18 00:00:00+05:30,96.59212486416686,97.33693445131968,94.31115704593614,94.96286010742188,1481126,0.0,0.0
2016-08-19 00:00:00+05:30,95.00940135732418,96.35936057244118,95.00940135732418,96.0800552368164,939836,0.0,0.0
2016-08-22 00:00:00+05:30,76.90128326416016,76.90128326416016,76.90128326416016,76.90128326416016,553187,0.0,0.0
2016-08-23 00:00:00+05:30,61.53964614868164,61.53964614868164,61.53964614868164,61.53964614868164,523925,0.0,0.0
2016-08-24 00:00:00+05:30,55.39500045776367,55.39500045776367,55.39500045776367,55.39500045776367,625739,0.0,0.0
2016-08-25 00:00:00+05:30,49.85549498402945,57.90871839821105,49.85549498402945,50.32099914550781,103924396,0.0,0.0
2016-08-26 00:00:00+05:30,51.11236379614003,53.71918666783142,45.712512106510744,45.991817474365234,62617764,0.0,0.0
2016-08-29 00:00:00+05:30,47.01591953059619,47.853828427985036,44.17634490291266,45.10735321044922,22372481,0.0,0.0
2016-08-30 00:00:00+05:30,45.24700490484055,45.61940966968893,42.872934295598526,43.431541442871094,27290269,0.0,0.0
2016-08-31 00:00:00+05:30,43.57119335963656,45.57286288388306,43.57119335963656,45.340110778808594,33398508,0.0,0.0
2016-09-01 00:00:00+05:30,46.50387767085978,47.57453536987305,45.852170977125404,47.57453536987305,26594505,0.0,0.0
2016-09-02 00:00:00+05:30,49.948604583740234,49.948604583740234,49.948604583740234,49.948604583740234,947056,0.0,0.0
2016-09-06 00:00:00+05:30,52.415771484375,52.415771484375,52.415771484375,52.415771484375,1021171,0.0,0.0
2016-09-07 00:00:00+05:30,55.022592788806534,55.022592788806534,51.48476172253142,54.78984069824219,31782443,0.0,0.0
2016-09-08 00:00:00+05:30,55.674296754446,57.257011606723445,53.16057358336004,55.1622428894043,21044389,0.0,0.0
2016-09-09 00:00:00+05:30,55.39499850870856,55.48809792593227,52.60197337381569,52.88127517700195,10756529,0.0,0.0
2016-09-12 00:00:00+05:30,50.27445349229121,54.83639606312371,50.27445349229121,52.60197448730469,17214927,0.0,0.0
2016-09-14 00:00:00+05:30,53.16058079387019,54.370894613695775,52.36922503615225,53.85883712768555,5812984,0.0,0.0
2016-09-15 00:00:00+05:30,53.998485309034294,54.60364216844847,51.81061706625704,52.695072174072266,5993667,0.0,0.0
2016-09-16 00:00:00+05:30,52.6950768040014,55.30190330296815,52.60197737968776,54.83639907836914,10710629,0.0,0.0
2016-09-19 00:00:00+05:30,54.976049693850875,55.115702385593785,53.067483031952186,53.11403274536133,11562815,0.0,0.0
2016-09-20 00:00:00+05:30,53.02092780421943,53.02092780421943,51.71751465522914,51.903717041015625,3820958,0.0,0.0
2016-09-21 00:00:00+05:30,52.555425185745946,52.69507431562187,50.83305750515445,51.484764099121094,3842371,0.0,0.0
2016-09-22 00:00:00+05:30,52.369227842851124,52.41577755729721,50.87961567148292,51.205467224121094,2317430,0.0,0.0
2016-09-23 00:00:00+05:30,51.670963287353516,52.97437639448735,50.83305435397962,51.670963287353516,3068457,0.0,0.0
2016-09-26 00:00:00+05:30,52.136470794677734,52.8347270999636,51.717516301203176,52.136470794677734,4332712,0.0,0.0
2016-09-27 00:00:00+05:30,52.322674318577214,52.69507555854543,51.67096770923871,51.85717010498047,1702388,0.0,0.0
2016-09-28 00:00:00+05:30,51.67096823303985,52.32267484898487,51.25201372625268,51.391666412353516,1336846,0.0,0.0
2016-09-29 00:00:00+05:30,51.857167624506815,51.90371733333683,48.831390380859375,48.831390380859375,2943910,0.0,0.0
2016-09-30 00:00:00+05:30,48.45898664016082,49.762399824276024,48.13313511988963,48.8779411315918,2044095,0.0,0.0
2016-10-03 00:00:00+05:30,49.436550091578745,51.29856709768741,49.157248250965566,51.06581497192383,3439203,0.0,0.0
2016-10-04 00:00:00+05:30,52.74162557057345,53.57953097249707,51.345113015852334,52.04336929321289,5585083,0.0,0.0
2016-10-05 00:00:00+05:30,52.46232336279155,52.97438083809197,51.252013119795286,52.183021545410156,3111039,0.0,0.0
2016-10-06 00:00:00+05:30,52.369220376817715,54.46398919189043,51.670964105126814,53.48643112182617,8016310,0.0,0.0
2016-10-07 00:00:00+05:30,53.90538589290061,54.18468769281674,51.71751409860828,52.695072174072266,6228520,0.0,0.0
2016-10-10 00:00:00+05:30,52.974378217678144,53.905386597240046,52.27612193300672,52.555423736572266,3323620,0.0,0.0
2016-10-13 00:00:00+05:30,51.9502733098052,52.41577755729721,50.27445872913707,51.205467224121094,3447209,0.0,0.0
2016-10-14 00:00:00+05:30,51.019256172795735,51.85716509695626,50.87960705311229,51.15890884399414,1539121,0.0,0.0
2016-10-17 00:00:00+05:30,51.25201693856719,51.76407090050528,50.507210852883084,51.205467224121094,2514505,0.0,0.0
2016-10-18 00:00:00+05:30,51.29855962297655,53.160576357770836,51.29855962297655,52.695072174072266,4453773,0.0,0.0
2016-10-19 00:00:00+05:30,53.06747868630738,53.43988346611562,52.41577209740057,52.60197448730469,2569488,0.0,0.0
2016-10-20 00:00:00+05:30,52.60197451517053,54.92949551141702,52.369222415545885,53.579532623291016,7025311,0.0,0.0
2016-10-21 00:00:00+05:30,53.53297652063617,54.836389543483655,53.2536747447445,54.27778244018555,3431392,0.0,0.0
2016-10-24 00:00:00+05:30,55.3950024826855,55.581204882006,53.579535304462475,53.85883712768555,3691650,0.0,0.0
2016-10-25 00:00:00+05:30,53.951932559052736,53.951932559052736,52.55542008669511,53.20712661743164,2649741,0.0,0.0
2016-10-26 00:00:00+05:30,52.834726586806035,53.02092897671015,52.22956970749645,52.60197448730469,1593741,0.0,0.0
2016-10-27 00:00:00+05:30,52.601972757938576,53.34677874155328,52.136468574240006,52.695072174072266,1457446,0.0,0.0
2016-10-28 00:00:00+05:30,52.74162605116638,54.18468832722467,52.36922127924129,52.88127517700195,2421403,0.0,0.0
2016-11-01 00:00:00+05:30,54.836397609747735,60.422448155330926,53.626083816992484,58.8397331237793,14823755,0.0,0.0
2016-11-02 00:00:00+05:30,58.00182593892053,62.74997118236654,57.25701988647275,61.02760696411133,12188344,0.0,0.0
2016-11-03 00:00:00+05:30,61.632748763190804,62.51721094078189,59.07247940062557,59.724185943603516,5086630,0.0,0.0
2016-11-04 00:00:00+05:30,59.72419664542086,60.84140400326962,57.86217964698549,59.21213912963867,6317198,0.0,0.0
2016-11-07 00:00:00+05:30,60.050040102455306,61.21380056955715,58.00182097005303,59.02593231201172,4014018,0.0,0.0
2016-11-08 00:00:00+05:30,59.537991445726234,62.23791383604806,59.258689619350235,61.865509033203125,5717435,0.0,0.0
2016-11-09 00:00:00+05:30,53.99848711490631,60.88795068465561,51.1123625000605,59.584537506103516,5615333,0.0,0.0
2016-11-10 00:00:00+05:30,60.51554631830335,63.401670952877886,60.51554631830335,62.19136428833008,3327278,0.0,0.0
2016-11-11 00:00:00+05:30,61.53964668445355,61.77239875746815,58.467320030963826,60.42243957519531,2921544,0.0,0.0
2016-11-15 00:00:00+05:30,59.67763113274076,60.282787953653646,54.92949018170757,57.72251510620117,5787459,0.0,0.0
2016-11-16 00:00:00+05:30,58.188026957861275,59.491440182323494,55.34845195262071,56.744964599609375,5687176,0.0,0.0
2016-11-17 00:00:00+05:30,55.86049612678023,56.7915043955599,53.1605707267133,54.55708312988281,3577038,0.0,0.0
2016-11-18 00:00:00+05:30,55.44155229682876,57.53632130213601,54.18469231425057,57.117366790771484,1866080,0.0,0.0
2016-11-21 00:00:00+05:30,57.722522742198386,58.42077906569272,55.20879926731571,56.744964599609375,2812655,0.0,0.0
2016-11-22 00:00:00+05:30,56.372557895491965,59.58453758498564,56.000156666494924,59.25868606567383,1958181,0.0,0.0
2016-11-23 00:00:00+05:30,59.58453853546627,61.21380326104543,58.234575623969064,58.65353012084961,2298089,0.0,0.0
2016-11-24 00:00:00+05:30,58.42078176373847,59.44488966488706,57.396673862589886,58.001827239990234,998752,0.0,0.0
2016-11-25 00:00:00+05:30,58.188023605966954,59.072482275080674,57.11736255101112,57.257015228271484,1847939,0.0,0.0
2016-11-28 00:00:00+05:30,58.74661977031902,60.84138835478148,57.81561151055793,60.32933807373047,2562140,0.0,0.0
2016-11-29 00:00:00+05:30,60.51553898379524,60.981043129824435,59.67763010033678,60.42243957519531,1665693,0.0,0.0
2016-11-30 00:00:00+05:30,60.93448761875915,65.72918156600902,60.42243733889631,64.8447265625,9152798,0.0,0.0
2016-12-01 00:00:00+05:30,65.72919464111328,66.70675634726615,64.51888792729099,65.72919464111328,3634485,0.0,0.0
2016-12-02 00:00:00+05:30,65.86883979614345,67.91705529488225,64.37922787860343,65.07748413085938,3391334,0.0,0.0
2016-12-05 00:00:00+05:30,64.23956849686935,65.49642819902836,63.587865570721476,64.47232055664062,1587591,0.0,0.0
2016-12-06 00:00:00+05:30,63.867182174938904,65.63609975927017,63.02927309783134,63.30857849121094,1691320,0.0,0.0
2016-12-07 00:00:00+05:30,64.14647674560547,65.03093183703135,63.40166722427736,64.14647674560547,2178793,0.0,0.0
2016-12-08 00:00:00+05:30,65.1705810546875,65.63608520507812,63.308564453125,64.00682067871094,1814243,0.0,0.0
2016-12-09 00:00:00+05:30,64.14647417692296,65.68263931375421,63.401664685420016,63.727516174316406,1617077,0.0,0.0
2016-12-12 00:00:00+05:30,63.86717675506985,64.14648212474715,62.28446526831345,62.749969482421875,1092363,0.0,0.0
2016-12-13 00:00:00+05:30,62.84306371367388,63.58787323593684,62.42411279679473,63.02926254272461,1019448,0.0,0.0
2016-12-14 00:00:00+05:30,63.21546827543517,65.26368380065357,63.12236886120343,64.79817962646484,3383648,0.0,0.0
2016-12-15 00:00:00+05:30,65.0309254021643,65.17057806147332,63.77406567444175,64.51887512207031,2556622,0.0,0.0
2016-12-16 00:00:00+05:30,65.17058190046721,65.91539139197016,62.424110218730846,63.727516174316406,2883161,0.0,0.0
2016-12-19 00:00:00+05:30,63.35512455170334,64.23957969175446,63.029265928813594,63.16891860961914,520181,0.0,0.0
2016-12-20 00:00:00+05:30,63.16891106844166,63.774067877667775,60.98104300711298,61.399993896484375,1188944,0.0,0.0
2016-12-21 00:00:00+05:30,61.86550643714749,63.40167174502663,61.77240701610068,62.237911224365234,779395,0.0,0.0
2016-12-22 00:00:00+05:30,62.74996584572912,62.93616467936904,61.074147930849065,61.30690002441406,1276015,0.0,0.0
2016-12-23 00:00:00+05:30,60.88794791759111,61.306898836679444,58.700076149558015,59.305233001708984,1428402,0.0,0.0
2016-12-26 00:00:00+05:30,59.11903547501302,59.58453969135171,56.232910754319306,57.396671295166016,986382,0.0,0.0
2016-12-27 00:00:00+05:30,57.95526606401196,63.913720541801425,57.16391043796067,61.399993896484375,1411917,0.0,0.0
2016-12-28 00:00:00+05:30,61.95861347841675,63.91372974884188,61.167250635336785,61.77240753173828,822045,0.0,0.0
2016-12-29 00:00:00+05:30,62.28446710004023,62.656871902885165,60.143144810954986,61.865509033203125,933903,0.0,0.0
2016-12-30 00:00:00+05:30,62.144811803318426,62.7034154326298,61.63275433301521,62.237911224365234,513260,0.0,0.0
2017-01-02 00:00:00+05:30,63.168920079211674,63.168920079211674,61.44655591728775,62.09825897216797,425487,0.0,0.0
2017-01-03 00:00:00+05:30,62.7034075512109,65.12402770932397,61.81895250789081,64.65852355957031,1394803,0.0,0.0
2017-01-04 00:00:00+05:30,64.65853054256203,66.56710060388559,64.56543112316268,66.24124908447266,2248368,0.0,0.0
2017-01-05 00:00:00+05:30,66.10159717952416,66.84640674951972,65.54299355354273,66.28779602050781,1045753,0.0,0.0
2017-01-06 00:00:00+05:30,66.7067543209995,66.7067543209995,64.42577944360598,65.31024169921875,793908,0.0,0.0
2017-01-09 00:00:00+05:30,64.75162284475041,65.31022634150085,63.40165669932231,63.86716079711914,636123,0.0,0.0
2017-01-10 00:00:00+05:30,64.0533705509759,64.61197408132729,62.33099960310098,63.54131317138672,843242,0.0,0.0
2017-01-11 00:00:00+05:30,64.56542999401046,66.7067521178991,63.82062754881069,65.5429916381836,1318609,0.0,0.0
2017-01-12 00:00:00+05:30,66.47399479374933,67.17225102666049,65.35678055927363,66.6136474609375,1644335,0.0,0.0
2017-01-13 00:00:00+05:30,66.56710068364976,66.70675336443132,65.17058808189486,65.91539764404297,865398,0.0,0.0
2017-01-16 00:00:00+05:30,65.63608765517266,66.14814508092851,65.17058348740548,65.40333557128906,396011,0.0,0.0
2017-01-17 00:00:00+05:30,65.40333562797284,66.28779070628505,64.9378314598022,65.07748413085938,407906,0.0,0.0
2017-01-18 00:00:00+05:30,65.07747498460446,71.68763182300285,65.07747498460446,71.1290283203125,4537388,0.0,0.0
2017-01-19 00:00:00+05:30,70.71007413674528,74.94616453884844,70.01181794538955,72.89794921875,5683163,0.0,0.0
2017-01-20 00:00:00+05:30,72.52555279512836,73.31690848194653,69.82562712566336,70.66353607177734,1213359,0.0,0.0
2017-01-23 00:00:00+05:30,70.0583822570124,73.27035840299881,69.87218341780725,72.10659790039062,727867,0.0,0.0
2017-01-24 00:00:00+05:30,73.5496640539473,74.10826767678891,72.3859035467646,73.08415985107422,1490806,0.0,0.0
2017-01-25 00:00:00+05:30,74.01516355680332,74.2013623849166,72.24624627760706,72.57209777832031,891726,0.0,0.0
2017-01-27 00:00:00+05:30,73.08417110493761,73.45657594518691,70.80320300083687,71.26870727539062,997375,0.0,0.0
2017-01-30 00:00:00+05:30,71.40834919942388,72.61866309217257,70.29114183921831,70.47734069824219,637428,0.0,0.0
2017-01-31 00:00:00+05:30,71.50143594593683,72.43244418948794,69.3601141445576,70.94282531738281,1519086,0.0,0.0
2017-02-01 00:00:00+05:30,70.94283185598836,70.94283185598836,68.24291338326945,69.5928726196289,1430829,0.0,0.0
2017-02-02 00:00:00+05:30,69.77907412249829,72.80485130905011,69.36012319941855,71.96694946289062,1216531,0.0,0.0
2017-02-03 00:00:00+05:30,72.43245895829992,73.45656681441353,70.71008767411946,72.85140991210938,1452357,0.0,0.0
2017-02-06 00:00:00+05:30,73.36345036496704,77.27368203644292,72.85139300423684,74.38755798339844,3337146,0.0,0.0
2017-02-07 00:00:00+05:30,74.66687033646348,76.80819248326979,73.31691100675754,75.97028350830078,2849873,0.0,0.0
2017-02-08 00:00:00+05:30,75.97028812600175,82.25459516570277,75.97028812600175,81.69599151611328,5529116,0.0,0.0
2017-02-09 00:00:00+05:30,82.30113512686009,88.39923522902382,82.30113512686009,87.93373107910156,9242634,0.0,0.0
2017-02-10 00:00:00+05:30,88.72510492872266,91.14572539088178,81.64943528129216,88.07339477539062,9492023,0.0,0.0
2017-02-13 00:00:00+05:30,88.86474706723517,89.8423087078592,82.85974585491678,85.65277099609375,5118260,0.0,0.0
2017-02-14 00:00:00+05:30,84.72176126661248,84.72176126661248,80.9046283883931,83.32524871826172,2500920,0.0,0.0
2017-02-15 00:00:00+05:30,82.8597361351052,84.25624854187663,79.69430659248405,83.60454559326172,1658506,0.0,0.0
2017-02-16 00:00:00+05:30,81.60288078243467,85.32691406762936,81.4632281136339,85.09416198730469,1125660,0.0,0.0
2017-02-17 00:00:00+05:30,85.65277177355583,85.65277177355583,82.85974660702684,83.41835021972656,1531868,0.0,0.0
2017-02-20 00:00:00+05:30,82.85975206966071,85.65277742032343,82.58044669338213,85.2803726196289,1508130,0.0,0.0
2017-02-21 00:00:00+05:30,86.3975859839091,86.3975859839091,82.85975107435364,84.25626373291016,1827626,0.0,0.0
2017-02-22 00:00:00+05:30,83.83730609347397,84.62866178296703,83.09249656040396,83.6511001586914,668216,0.0,0.0
2017-02-23 00:00:00+05:30,83.7907552948965,85.46657324200656,81.92873851056547,84.39591217041016,1871552,0.0,0.0
2017-02-27 00:00:00+05:30,84.25625069329085,84.81485424965703,82.06838262075607,83.37179565429688,514810,0.0,0.0
2017-02-28 00:00:00+05:30,83.79074526645927,84.16314999936054,82.76663757825288,82.9993896484375,568297,0.0,0.0
2017-03-01 00:00:00+05:30,83.41834936910416,84.9545146156368,82.58044040708361,83.6976547241211,894285,0.0,0.0
2017-03-02 00:00:00+05:30,83.51143477662504,83.51143477662504,79.18225222133434,80.53221130371094,1364612,0.0,0.0
2017-03-03 00:00:00+05:30,80.53222024099895,81.55632797952707,77.92539408562752,80.57877349853516,1459373,0.0,0.0
2017-03-06 00:00:00+05:30,80.62533144086267,81.97529797345636,79.6943229782591,80.76498413085938,1199690,0.0,0.0
2017-03-07 00:00:00+05:30,81.46324047781205,81.92874470911383,78.71676835434388,80.76498413085938,1416742,0.0,0.0
2017-03-08 00:00:00+05:30,80.9511764900098,81.23048184760336,77.97195248981984,79.18226623535156,1030116,0.0,0.0
2017-03-09 00:00:00+05:30,79.36846837346309,79.97362527140353,78.3443605247342,79.64777374267578,470305,0.0,0.0
2017-03-10 00:00:00+05:30,77.27369276873317,80.57877524041507,77.27369276873317,79.6943130493164,552119,0.0,0.0
2017-03-14 00:00:00+05:30,81.09083575333635,81.92874479112449,77.55300785371996,78.80986785888672,696583,0.0,0.0
2017-03-15 00:00:00+05:30,80.11327751357359,80.57878172433688,77.36679840825188,79.32191467285156,1751483,0.0,0.0
2017-03-16 00:00:00+05:30,78.53055610197667,79.64777042932063,78.20470458680438,79.18226623535156,1050971,0.0,0.0
2017-03-17 00:00:00+05:30,79.74086057450192,79.74086057450192,74.06171148910938,76.854736328125,3512633,0.0,0.0
2017-03-20 00:00:00+05:30,77.2737089214903,78.11161802919709,75.22549297201279,76.8082046508789,1670537,0.0,0.0
2017-03-21 00:00:00+05:30,78.20471746271308,78.29781689622905,75.69099724262416,76.8082046508789,545447,0.0,0.0
2017-03-22 00:00:00+05:30,75.87718416654147,76.34268836388222,75.17892787053036,75.6444320678711,628682,0.0,0.0
2017-03-23 00:00:00+05:30,75.41167881177819,76.24958777473734,74.57376984881905,74.94617462158203,694988,0.0,0.0
2017-03-24 00:00:00+05:30,75.41167517631963,81.41667609914794,74.4806668408095,80.62532043457031,3771296,0.0,0.0
2017-03-27 00:00:00+05:30,81.18392465958009,84.25625503235874,80.06671748931328,82.90629577636719,1843526,0.0,0.0
2017-03-28 00:00:00+05:30,83.41833715480394,83.60454306522729,81.46322126504862,82.2080307006836,794188,0.0,0.0
2017-03-29 00:00:00+05:30,81.9287338256836,82.76664275132498,80.11327040598553,81.9287338256836,755141,0.0,0.0
2017-03-30 00:00:00+05:30,82.76664733886719,84.39591202229752,82.06839104596847,82.76664733886719,585709,0.0,0.0
2017-03-31 00:00:00+05:30,83.23215687975747,83.23215687975747,80.81153632951582,81.69599151611328,596125,0.0,0.0
2017-04-03 00:00:00+05:30,81.69598480550431,82.53389376257705,80.53222433818944,81.09082794189453,455175,0.0,0.0
2017-04-05 00:00:00+05:30,81.60287733299516,81.60287733299516,79.41500929103272,79.78740692138672,944422,0.0,0.0
2017-04-06 00:00:00+05:30,80.29947206555468,81.18392717752843,79.1822648606373,79.46156311035156,539723,0.0,0.0
2017-04-07 00:00:00+05:30,79.60121889632606,80.53222730447023,78.11160686390149,78.6236572265625,625429,0.0,0.0
2017-04-10 00:00:00+05:30,83.79075938257678,84.72176782016096,80.53222985103213,80.99773406982422,2581724,0.0,0.0
2017-04-11 00:00:00+05:30,81.78908323649078,82.58043892412076,81.09082696451784,82.02183532714844,1082174,0.0,0.0
2017-04-12 00:00:00+05:30,81.83564420426835,81.9287436286948,79.9736273036162,81.69599151611328,984182,0.0,0.0
2017-04-13 00:00:00+05:30,81.78908661301064,83.09249979510862,80.90463147321043,82.16149139404297,2412132,0.0,0.0
2017-04-17 00:00:00+05:30,81.74254185279177,85.09417073334383,80.48567480743304,83.83731079101562,2463311,0.0,0.0
2017-04-18 00:00:00+05:30,84.72176150919036,88.81819975002098,84.20970406545023,87.23548126220703,3796792,0.0,0.0
2017-04-19 00:00:00+05:30,87.98029125871784,89.28370440167525,86.16482777236907,87.56134033203125,2146201,0.0,0.0
2017-04-20 00:00:00+05:30,88.44579231299699,89.37680065313378,87.561337231079,88.72509765625,2023723,0.0,0.0
2017-04-21 00:00:00+05:30,90.21471136250375,90.21471136250375,86.90962884849773,87.84063720703125,783124,0.0,0.0
2017-04-24 00:00:00+05:30,87.5148007841761,89.3768178221373,87.09584979184736,88.16650390625,1002058,0.0,0.0
2017-04-25 00:00:00+05:30,89.33024357364155,89.79574772379712,84.16315176873253,87.60787963867188,2385996,0.0,0.0
2017-04-26 00:00:00+05:30,87.51478018538339,88.91129263515015,85.32691210135474,87.93373107910156,4194079,0.0,0.0
2017-04-27 00:00:00+05:30,87.93372136314609,87.93372136314609,79.27534939308912,87.18891906738281,819102,0.0,0.0
2017-04-28 00:00:00+05:30,86.67687580855149,89.2371487664482,86.67687580855149,88.77164459228516,788971,0.0,0.0
2017-05-02 00:00:00+05:30,89.28370672325326,91.70432713566994,88.44579774506238,91.23882293701172,2116580,0.0,0.0
2017-05-03 00:00:00+05:30,92.12328599071871,92.82154234871719,89.5164665160097,90.58712768554688,1300977,0.0,0.0
2017-05-04 00:00:00+05:30,91.05262380390877,91.61122741988366,89.14405375437835,90.26126098632812,904383,0.0,0.0
2017-05-05 00:00:00+05:30,90.26125573505179,91.47156941844162,88.11994081455508,88.72509765625,1126871,0.0,0.0
2017-05-08 00:00:00+05:30,90.07506349624921,90.07506349624921,87.5147903736168,88.02684783935547,740413,0.0,0.0
2017-05-09 00:00:00+05:30,89.37679992730791,89.37679992730791,85.8389654223067,86.76997375488281,889227,0.0,0.0
2017-05-10 00:00:00+05:30,85.8855374715314,87.46824914198932,84.34937196606846,84.62867736816406,938797,0.0,0.0
2017-05-11 00:00:00+05:30,85.60622110086912,85.69932762499238,83.5580054247069,83.83731079101562,897101,0.0,0.0
2017-05-12 00:00:00+05:30,83.83729637499275,84.72175137783535,81.64942128885598,83.23213958740234,1242037,0.0,0.0
2017-05-15 00:00:00+05:30,83.51144113223432,87.42168022892915,83.04593698522515,84.02349853515625,3056833,0.0,0.0
2017-05-16 00:00:00+05:30,84.62866426845153,84.72176368706202,83.7907552948965,84.39591217041016,792353,0.0,0.0
2017-05-17 00:00:00+05:30,84.62867059056153,85.23382751128288,82.20805001070693,82.72010040283203,1886102,0.0,0.0
2017-05-18 00:00:00+05:30,82.58044345114355,83.2321536025295,80.34602894076464,80.90463256835938,582904,0.0,0.0
2017-05-19 00:00:00+05:30,81.92873813855698,81.92873813855698,78.85640761714896,79.18226623535156,503081,0.0,0.0
2017-05-22 00:00:00+05:30,79.92706924910165,80.06672192888601,75.73753147375297,77.92539978027344,2447619,0.0,0.0
2017-05-23 00:00:00+05:30,79.60121802946108,79.74087070976796,73.54966344242602,78.90296173095703,1212547,0.0,0.0
2017-05-24 00:00:00+05:30,78.62365198508937,78.62365198508937,75.41167603233167,77.08749389648438,1220369,0.0,0.0
2017-05-25 00:00:00+05:30,77.27368796023553,78.20469624891308,76.43577907981985,77.22713470458984,393982,0.0,0.0
2017-05-26 00:00:00+05:30,78.20469874550434,78.85640172717164,76.85473952503791,78.29779815673828,385599,0.0,0.0
2017-05-29 00:00:00+05:30,78.20470846094294,78.39090730654245,76.2495921700255,76.435791015625,197875,0.0,0.0
2017-05-30 00:00:00+05:30,76.48233237524916,82.8597377354017,74.85306786921598,76.90128326416016,416603,0.0,0.0
2017-05-31 00:00:00+05:30,77.2736966801381,77.2736966801381,75.41167989266489,75.97028350830078,379930,0.0,0.0
2017-06-01 00:00:00+05:30,76.9943843210002,79.0426068628285,76.1099292685712,78.25125122070312,1170875,0.0,0.0
2017-06-02 00:00:00+05:30,78.99605577126346,78.99605577126346,77.36679118569161,78.01850128173828,688135,0.0,0.0
2017-06-05 00:00:00+05:30,78.94951413836702,79.55466390810258,78.20470458680438,79.18226623535156,522429,0.0,0.0
2017-06-06 00:00:00+05:30,79.13571141686894,79.60121560167406,77.36679409400348,77.8322982788086,209066,0.0,0.0
2017-06-07 00:00:00+05:30,78.06504407458024,78.43744881299266,76.99438311528066,77.55299377441406,1058547,0.0,0.0
2017-06-08 00:00:00+05:30,77.9719467671356,78.0185000243279,77.27369052742992,77.6460952758789,919932,0.0,0.0
2017-06-09 00:00:00+05:30,77.73919425841451,78.11159900480928,76.71508653310123,76.994384765625,246426,0.0,0.0
2017-06-12 00:00:00+05:30,76.85474180996484,78.20470107056619,76.80818855144894,77.08749389648438,449756,0.0,0.0
2017-06-13 00:00:00+05:30,78.20469549243742,78.20469549243742,76.34267893309368,76.854736328125,235155,0.0,0.0
2017-06-14 00:00:00+05:30,74.71342161368413,76.34268625946541,74.38757010513392,75.55133056640625,1048552,0.0,0.0
2017-06-15 00:00:00+05:30,75.13236894990976,75.55132695777479,72.8979546534155,73.45655822753906,1245418,0.0,0.0
2017-06-16 00:00:00+05:30,73.87551332481475,77.18059590574006,72.6186534359524,73.64276123046875,1446962,0.0,0.0
2017-06-19 00:00:00+05:30,73.6427580757216,75.59787416386769,73.6427580757216,75.13236999511719,763254,0.0,0.0
2017-06-20 00:00:00+05:30,75.13236999511719,76.10993159070519,74.52722025816549,75.13236999511719,1143838,0.0,0.0
2017-06-21 00:00:00+05:30,75.64443406232496,76.80819458636074,74.9461777479035,76.06338500976562,608548,0.0,0.0
2017-06-22 00:00:00+05:30,76.01645216379134,78.12802027945222,76.01645216379134,76.7672348022461,695703,0.65,0.0
2017-06-23 00:00:00+05:30,76.95493136337612,78.0341787840077,74.4679717836584,76.90800476074219,1448855,0.0,0.0
2017-06-27 00:00:00+05:30,78.03417563301961,78.73803168414128,75.35952407075614,77.4710922241211,711624,0.0,0.0
2017-06-28 00:00:00+05:30,77.09569425540737,78.26878757286642,76.1102930047444,77.94032287597656,647157,0.0,0.0
2017-06-29 00:00:00+05:30,77.70571762979934,78.831884545016,77.28339966659712,77.8934097290039,763086,0.0,0.0
2017-06-30 00:00:00+05:30,77.09570534468834,78.3626448777793,74.89029102264195,77.61186218261719,2243282,0.0,0.0
2017-07-03 00:00:00+05:30,76.34493296782888,77.79957195130747,75.12491987329415,76.57955169677734,1030049,0.0,0.0
2017-07-04 00:00:00+05:30,74.65567634953469,77.14262894632417,74.37413103367427,75.73491668701172,538811,0.0,0.0
2017-07-05 00:00:00+05:30,75.96953091418625,76.11030356380994,75.21875538285062,75.59414672851562,686651,0.0,0.0
2017-07-06 00:00:00+05:30,75.96952910155422,76.29800099617026,75.17182698604573,75.5472183227539,642382,0.0,0.0
2017-07-07 00:00:00+05:30,75.64107812596872,80.61499813211617,75.50030545409747,79.06651306152344,2719882,0.0,0.0
2017-07-10 00:00:00+05:30,80.99039071254803,83.14887879258386,79.91114309253231,82.44502258300781,794131,0.0,0.0
2017-07-11 00:00:00+05:30,82.39809246711782,83.4773327874545,80.23959750645507,80.80268096923828,939793,0.0,0.0
2017-07-12 00:00:00+05:30,80.70883270713739,81.17807010659749,79.06650180902703,80.2865219116211,386430,0.0,0.0
2017-07-13 00:00:00+05:30,80.05191487425046,83.28965053821672,79.39497812330382,82.63272094726562,1609906,0.0,0.0
2017-07-14 00:00:00+05:30,83.43040824114065,85.30735777565454,82.63270612097111,84.65042114257812,3348262,0.0,0.0
2017-07-17 00:00:00+05:30,85.16659429237346,85.54198567166668,82.67963445955033,83.5711898803711,1025680,0.0,0.0
2017-07-18 00:00:00+05:30,83.14886430110391,84.5565764749149,82.35116216794323,82.91424560546875,1068181,0.0,0.0
2017-07-19 00:00:00+05:30,83.43041004636045,83.61810213987532,82.21038995853063,83.14886474609375,432250,0.0,0.0
2017-07-20 00:00:00+05:30,84.41579397856421,85.40119524928413,82.21037992885063,84.8381118774414,910646,0.0,0.0
2017-07-21 00:00:00+05:30,85.40121017513248,86.9496950883289,83.33656839753378,84.60350799560547,1041054,0.0,0.0
2017-07-24 00:00:00+05:30,86.24583667834176,86.5743014306325,83.66503094463727,84.32196044921875,546367,0.0,0.0
2017-07-25 00:00:00+05:30,84.46273042865971,84.69734912429489,82.35116216794323,82.91424560546875,527521,0.0,0.0
2017-07-26 00:00:00+05:30,82.91424746268432,83.71194961371293,80.75575971048895,81.41268920898438,490679,0.0,0.0
2017-07-27 00:00:00+05:30,81.3657599215251,82.58577998991936,79.30111828577483,80.00497436523438,618342,0.0,0.0
2017-07-28 00:00:00+05:30,80.05190593411321,80.09882537965805,78.9257318411159,79.48881530761719,479121,0.0,0.0
2017-07-31 00:00:00+05:30,79.53574531576507,80.70883890449316,76.86109336546401,77.14263153076172,869236,0.0,0.0
2017-08-01 00:00:00+05:30,78.73803715927082,79.16034795531202,75.7818401069989,77.1895523071289,878920,0.0,0.0
2017-08-02 00:00:00+05:30,77.56494273916607,78.78495566881149,77.0487787412428,77.61186218261719,374459,0.0,0.0
2017-08-03 00:00:00+05:30,76.53263017826666,79.16035557546331,76.53263017826666,78.73804473876953,462980,0.0,0.0
2017-08-04 00:00:00+05:30,78.73803855111734,78.73803855111734,76.4387709542643,77.00186157226562,443878,0.0,0.0
2017-08-07 00:00:00+05:30,77.940341119795,78.08110662284493,75.07798989119514,75.35953521728516,1322401,0.0,0.0
2017-08-08 00:00:00+05:30,74.60874665610541,77.0487797059414,73.67027185539968,75.64106750488281,694486,0.0,0.0
2017-08-09 00:00:00+05:30,73.06026097931,75.35952851111536,73.06026097931,73.62334442138672,640104,0.0,0.0
2017-08-10 00:00:00+05:30,73.57643909968635,73.6702851647123,67.61712447059095,68.46174621582031,992506,0.0,0.0
2017-08-11 00:00:00+05:30,67.1948016898165,70.85485524716584,63.816293467646055,64.75476837158203,1076933,0.0,0.0
2017-08-14 00:00:00+05:30,68.27403798969057,69.21251273868975,66.631707178942,68.64942932128906,593904,0.0,0.0
2017-08-16 00:00:00+05:30,68.64943490382527,72.91949106301382,68.50866224802901,72.59102630615234,478071,0.0,0.0
2017-08-17 00:00:00+05:30,73.29488424192051,74.13951303763943,71.79332591619514,72.63795471191406,293189,0.0,0.0
2017-08-18 00:00:00+05:30,72.07487093105092,72.54410835336246,68.79020897487013,70.85485076904297,353005,0.0,0.0
2017-08-21 00:00:00+05:30,71.88717089798074,71.88717089798074,68.03942550814004,68.83712768554688,353190,0.0,0.0
2017-08-22 00:00:00+05:30,69.54097744305454,70.19791406310685,67.42940925858936,67.99249267578125,288134,0.0,0.0
2017-08-23 00:00:00+05:30,68.88404703557633,69.02481967793666,66.11554226913641,66.63170623779297,428500,0.0,0.0
2017-08-24 00:00:00+05:30,67.05401747837833,68.6963482775268,67.00709803725624,67.75787353515625,392254,0.0,0.0
2017-08-28 00:00:00+05:30,68.46174566140036,74.60875953076345,68.46174566140036,73.3418197631836,792944,0.0,0.0
2017-08-29 00:00:00+05:30,72.96641363012415,73.20103232346861,70.62022669667965,71.13639068603516,448523,0.0,0.0
2017-08-30 00:00:00+05:30,72.07487474904632,74.13951665258867,71.41793802701359,72.96642303466797,361833,0.0,0.0
2017-08-31 00:00:00+05:30,72.96641676916256,73.43565417603821,71.84024985665887,72.77872467041016,251980,0.0,0.0
2017-09-01 00:00:00+05:30,73.62334674009988,74.04566470495384,72.07486901561937,72.35640716552734,413248,0.0,0.0
2017-09-04 00:00:00+05:30,71.32408454719844,73.95181684188249,71.32408454719844,72.07486724853516,508504,0.0,0.0
2017-09-05 00:00:00+05:30,72.3564035676997,74.70259050024505,72.3564035676997,72.91948699951172,714240,0.0,0.0
2017-09-06 00:00:00+05:30,72.91949278578645,76.20415475199296,71.8871718855491,73.52950286865234,580927,0.0,0.0
2017-09-07 00:00:00+05:30,74.42105779428096,74.79644200288173,73.67027505708975,73.95182037353516,256915,0.0,0.0
2017-09-08 00:00:00+05:30,74.13952217627183,74.98415107610192,72.26257224775861,72.68488311767578,285502,0.0,0.0
2017-09-11 00:00:00+05:30,74.60874726036505,74.60874726036505,71.32408543129237,71.88716888427734,279536,0.0,0.0
2017-09-12 00:00:00+05:30,71.8871639399494,73.10718397083389,71.37100712687834,71.74639129638672,251519,0.0,0.0
2017-09-13 00:00:00+05:30,71.9810086002516,72.54409916369069,70.76099575278612,71.04253387451172,290735,0.0,0.0
2017-09-14 00:00:00+05:30,71.2302244883139,72.16869910038656,70.38559590544989,70.57328796386719,328805,0.0,0.0
2017-09-15 00:00:00+05:30,70.71407578416056,73.2010354726004,69.82252757509468,72.77872467041016,1171713,0.0,0.0
2017-09-18 00:00:00+05:30,74.04565824379685,74.04565824379685,70.99561534597247,71.51177215576172,357036,0.0,0.0
2017-09-19 00:00:00+05:30,71.32408095888837,71.8402449350885,69.9163688346998,70.19791412353516,467940,0.0,0.0
2017-09-20 00:00:00+05:30,70.38562263679121,70.94870618588638,68.93098357163254,69.11868286132812,439425,0.0,0.0
2017-09-21 00:00:00+05:30,69.07174819913435,69.72868489651438,68.50866471566214,68.8840560913086,397064,0.0,0.0
2017-09-22 00:00:00+05:30,68.9778977306049,68.9778977306049,66.11554672948677,66.5378646850586,378342,0.0,0.0
2017-09-25 00:00:00+05:30,66.63171484076403,67.5701896976762,62.87781541311536,63.44089889526367,1293705,0.0,0.0
2017-09-26 00:00:00+05:30,63.58166687100142,63.58166687100142,61.61087124869619,62.080108642578125,983155,0.0,0.0
2017-09-27 00:00:00+05:30,62.87781550693577,64.00398247291275,61.986267255536895,62.54935073852539,688542,0.0,0.0
2017-09-28 00:00:00+05:30,64.42629196245922,65.22399405487252,61.51702171719032,64.1916732788086,832726,0.0,0.0
2017-09-29 00:00:00+05:30,64.98937354242005,66.77247691998701,63.7693535577706,64.14474487304688,496559,0.0,0.0
2017-10-03 00:00:00+05:30,66.58478923358551,66.58478923358551,61.28241194042092,63.01858901977539,376173,0.0,0.0
2017-10-04 00:00:00+05:30,63.20626911809908,63.81627910032147,61.51701896732207,62.12702178955078,350464,0.0,0.0
2017-10-05 00:00:00+05:30,62.59626889178737,62.59626889178737,61.18855663341139,61.84549331665039,653474,0.0,0.0
2017-10-06 00:00:00+05:30,61.93933379603091,66.20939679293676,61.704715107409584,65.78707885742188,1863752,0.0,0.0
2017-10-09 00:00:00+05:30,66.63170531793689,67.80479872142169,63.816281149573356,66.16246795654297,1360158,0.0,0.0
2017-10-10 00:00:00+05:30,66.63171246472527,67.94557864954977,63.62859589369327,63.816287994384766,1995189,0.0,0.0
2017-10-11 00:00:00+05:30,64.52014184194553,64.52014184194553,62.690118864608124,63.53474044799805,713115,0.0,0.0
2017-10-12 00:00:00+05:30,63.11242856086953,63.76935803876933,62.59626457109518,63.15935516357422,529515,0.0,0.0
2017-10-13 00:00:00+05:30,62.97165867532976,63.53474213251709,61.32932774853654,61.47010040283203,1071725,0.0,0.0
2017-10-16 00:00:00+05:30,59.3116086841105,62.40857483986368,59.12391300618665,59.68699645996094,1548362,0.0,0.0
2017-10-17 00:00:00+05:30,60.250076494161604,60.57854838688211,56.96541842690702,57.4815788269043,2023497,0.0,0.0
2017-10-18 00:00:00+05:30,58.13851517208299,60.625471269582945,57.48158208934813,59.68699645996094,2333125,0.0,0.0
2017-10-19 00:00:00+05:30,60.15623178929287,64.52014093547281,60.06238574356741,63.06550216674805,1830506,0.0,0.0
2017-10-23 00:00:00+05:30,62.97165949695253,65.03630841357072,62.50242208317495,62.83088684082031,2263585,0.0,0.0
2017-10-24 00:00:00+05:30,63.76936192302342,64.94245546215186,61.93933886598097,62.50242233276367,1273991,0.0,0.0
2017-10-25 00:00:00+05:30,63.25320075552589,63.81628418397386,60.907013836997436,61.376251220703125,833216,0.0,0.0
2017-10-26 00:00:00+05:30,61.37625700157225,62.783969285278054,60.71932030651258,61.98626708984375,1000121,0.0,0.0
2017-10-27 00:00:00+05:30,62.408571574785455,62.408571574785455,60.953932831976985,61.141632080078125,880212,0.0,0.0
2017-10-30 00:00:00+05:30,61.89240892405048,64.28552247886738,61.14163339547638,62.737037658691406,3063196,0.0,0.0
2017-10-31 00:00:00+05:30,63.11243396018868,64.4263001883849,62.64319653297538,62.87781524658203,1370738,0.0,0.0
2017-11-01 00:00:00+05:30,64.7547643012096,68.50866368098987,63.62859735127346,65.0832290649414,4614684,0.0,0.0
2017-11-02 00:00:00+05:30,64.23859325126668,68.55558279416647,63.86320908231371,67.75787353515625,4181428,0.0,0.0
2017-11-03 00:00:00+05:30,67.75787622934284,70.29176243049208,67.57018413740334,68.27404022216797,2693766,0.0,0.0
2017-11-06 00:00:00+05:30,68.69635148294476,69.44713417587086,66.25631847092656,66.96017456054688,1261011,0.0,0.0
2017-11-07 00:00:00+05:30,67.0071166658732,67.38250809918263,64.33246433853711,66.06864166259766,1116241,0.0,0.0
2017-11-08 00:00:00+05:30,65.8809328049473,66.58478895525656,62.97166214900143,63.34705352783203,750203,0.0,0.0
2017-11-09 00:00:00+05:30,64.19166363587964,68.0394080377394,63.81627236643145,65.45860290527344,2371197,0.0,0.0
2017-11-10 00:00:00+05:30,65.13015097824092,65.5993883669026,63.44089351506111,63.72243881225586,1005331,0.0,0.0
2017-11-13 00:00:00+05:30,63.72244247745513,64.23859933867479,62.17395757380666,62.50242233276367,475536,0.0,0.0
2017-11-14 00:00:00+05:30,62.87781056755476,63.06550266047508,61.235479694521615,61.517024993896484,866200,0.0,0.0
2017-11-15 00:00:00+05:30,61.89241036161952,62.033183013995114,59.96854131246816,60.10931396484375,2841496,0.0,0.0
2017-11-16 00:00:00+05:30,61.00085943400082,62.50241761883892,60.53162205373928,61.141632080078125,1780425,0.0,0.0
2017-11-17 00:00:00+05:30,62.40857891316749,68.50866557385304,61.65779615246971,65.13015747070312,6496620,0.0,0.0
2017-11-20 00:00:00+05:30,65.2240024379917,67.89865434337798,64.75476501038024,67.1009521484375,3046181,0.0,0.0
2017-11-21 00:00:00+05:30,67.57019115970749,69.44714091414382,67.57019115970749,68.93097686767578,2727985,0.0,0.0
2017-11-22 00:00:00+05:30,69.44713722662783,71.79332429509498,68.13327103628727,70.15099334716797,4335504,0.0,0.0
2017-11-23 00:00:00+05:30,70.3856066653603,72.07486408932661,69.91636928759122,71.32408142089844,4463835,0.0,0.0
2017-11-24 00:00:00+05:30,72.45025765724388,72.45025765724388,68.60251209264845,68.93097686767578,1806332,0.0,0.0
2017-11-27 00:00:00+05:30,69.9632994489091,70.71407499554053,68.74327934064053,70.10406494140625,1850559,0.0,0.0
2017-11-28 00:00:00+05:30,70.38559785933218,70.66714311476682,67.66401997677268,68.41480255126953,1503750,0.0,0.0
2017-11-29 00:00:00+05:30,68.93096788257273,68.93096788257273,67.6640283954719,68.22711181640625,572940,0.0,0.0
2017-11-30 00:00:00+05:30,67.61712247056407,68.03943333068734,66.72556697919909,67.28865051269531,636764,0.0,0.0
2017-12-01 00:00:00+05:30,67.85172949065148,68.27404027785698,63.39397428350618,64.2855224609375,1388823,0.0,0.0
2017-12-04 00:00:00+05:30,64.47321116008924,65.22399380893792,63.300117746259424,63.62858963012695,959030,0.0,0.0
2017-12-05 00:00:00+05:30,63.816286920880216,63.816286920880216,61.42317329734938,62.783966064453125,1191150,0.0,0.0
2017-12-06 00:00:00+05:30,62.78396902384844,64.94245688721254,62.033186278333595,62.31473159790039,1567623,0.0,0.0
2017-12-07 00:00:00+05:30,62.877809867334705,63.72243859605896,62.69011777650456,63.15935516357422,947045,0.0,0.0
2017-12-08 00:00:00+05:30,63.065497272937456,65.22399195709792,62.877805196051234,63.581661224365234,1468941,0.0,0.0
2017-12-11 00:00:00+05:30,63.112434506284444,67.3824979948712,63.112434506284444,66.44402313232422,2593939,0.0,0.0
2017-12-12 00:00:00+05:30,66.35016681373652,67.19479558251,65.27092650029809,65.6932373046875,1830376,0.0,0.0
2017-12-13 00:00:00+05:30,66.20939908203754,67.0071012189307,64.28552290482955,64.5201416015625,1287140,0.0,0.0
2017-12-14 00:00:00+05:30,64.33244592099777,65.22399405487252,63.8162819529688,64.1916732788086,1296207,0.0,0.0
2017-12-15 00:00:00+05:30,64.05091219363005,65.4116979403391,64.05091219363005,64.75476837158203,782209,0.0,0.0
2017-12-18 00:00:00+05:30,64.52012831164944,66.72554217466724,61.000848585559474,65.45860290527344,1251053,0.0,0.0
2017-12-19 00:00:00+05:30,67.3824925103157,67.57018460355002,66.02169977438646,66.96017456054688,2330185,0.0,0.0
2017-12-20 00:00:00+05:30,68.27405490210514,68.27405490210514,66.44403155223263,66.91326904296875,1613543,0.0,0.0
2017-12-21 00:00:00+05:30,67.52325223453708,69.82251956029583,67.42940619593328,68.55558013916016,2642164,0.0,0.0
2017-12-22 00:00:00+05:30,69.1186628311415,72.262551632505,68.93096359584007,71.41792297363281,7415838,0.0,0.0
2017-12-26 00:00:00+05:30,72.2625575500908,73.01334023279077,70.76099934468517,71.13639068603516,2524022,0.0,0.0
2017-12-27 00:00:00+05:30,71.32407765793786,71.55869633444424,68.03941618684863,68.55558013916016,3117375,0.0,0.0
2017-12-28 00:00:00+05:30,69.02481152057788,69.25943017678652,67.61709958332608,67.94556427001953,2100065,0.0,0.0
2017-12-29 00:00:00+05:30,68.27403475605867,68.69634550910894,66.63170402309505,67.00709533691406,1454227,0.0,0.0
2018-01-01 00:00:00+05:30,67.66403911410362,70.57330988311591,66.91326348725916,68.08635711669922,1676852,0.0,0.0
2018-01-02 00:00:00+05:30,68.41482473968335,68.83713559980663,66.63172091694898,67.28865051269531,1696208,0.0,0.0
2018-01-03 00:00:00+05:30,67.57017872764568,67.99248948069597,66.63170402309505,67.00709533691406,1207970,0.0,0.0
2018-01-04 00:00:00+05:30,67.33556046427152,68.27403517457496,66.16246707639223,66.58477783203125,1448736,0.0,0.0
2018-01-05 00:00:00+05:30,66.96017592273618,67.75787807520153,65.45861766633179,66.7724838256836,4210698,0.0,0.0
2018-01-08 00:00:00+05:30,67.335573086515,69.2125228589614,67.0071083083359,67.38249969482422,3204504,0.0,0.0
2018-01-09 00:00:00+05:30,67.75788196436923,69.68175828956046,67.2886445348099,68.8840560913086,5660073,0.0,0.0
2018-01-10 00:00:00+05:30,70.38561503092448,77.42417653401692,68.08635447057895,71.79332733154297,93350723,0.0,0.0
2018-01-11 00:00:00+05:30,73.57643314798578,74.89029943205601,72.49718558749969,72.96642303466797,12326168,0.0,0.0
2018-01-12 00:00:00+05:30,73.67027817120032,75.2187631571163,71.79332840887675,74.04566955566406,7873832,0.0,0.0
2018-01-15 00:00:00+05:30,74.93721782876972,75.45338187740674,72.77872989809468,74.04566955566406,5491518,0.0,0.0
2018-01-16 00:00:00+05:30,75.40646164014004,75.40646164014004,69.25945494519148,69.7756118774414,4981354,0.0,0.0
2018-01-17 00:00:00+05:30,70.10406314266974,71.7933206092378,67.80480279761346,70.71407318115234,2953573,0.0,0.0
2018-01-18 00:00:00+05:30,71.60562336340341,71.60562336340341,67.38248716094829,68.13326263427734,4396936,0.0,0.0
2018-01-19 00:00:00+05:30,68.13327423617234,69.77560526123158,67.00710725441547,68.69635772705078,1671522,0.0,0.0
2018-01-22 00:00:00+05:30,68.60249911243399,69.35328173615167,67.42940573787118,68.32096099853516,1316708,0.0,0.0
2018-01-23 00:00:00+05:30,68.2271086281278,69.25943653825955,67.00709579978073,67.24171447753906,1774196,0.0,0.0
2018-01-24 00:00:00+05:30,67.38249388109635,67.99249677651456,65.92785506895783,66.7724838256836,2083619,0.0,0.0
2018-01-25 00:00:00+05:30,66.63171524083562,67.5701901033826,66.16247780956213,66.44402313232422,910278,0.0,0.0
2018-01-29 00:00:00+05:30,67.05402104523628,69.35328858234735,66.63171025270285,67.85173034667969,2963883,0.0,0.0
2018-01-30 00:00:00+05:30,68.03941923103348,69.30635870885389,64.98937629998714,65.55245971679688,2132182,0.0,0.0
2018-01-31 00:00:00+05:30,65.50552983802145,66.39707784258191,64.52012864561846,64.80167388916016,1156075,0.0,0.0
2018-02-01 00:00:00+05:30,65.17706562006128,65.88092165120663,63.20627016485308,64.14474487304688,1024363,0.0,0.0
2018-02-02 00:00:00+05:30,62.92473884915362,63.15935755155912,59.21775905514993,59.68699645996094,2211252,0.0,0.0
2018-02-05 00:00:00+05:30,59.12391237053738,60.437778521881555,56.91849802363528,58.8892936706543,1641567,0.0,0.0
2018-02-06 00:00:00+05:30,56.35541171406026,58.04466565874535,54.94769949682313,57.24696350097656,3132033,0.0,0.0
2018-02-07 00:00:00+05:30,58.88929614206187,62.69012210367494,58.65467743233254,61.84549331665039,2849731,0.0,0.0
2018-02-08 00:00:00+05:30,62.737036991052136,64.28552179474933,62.1270269580812,63.48781967163086,1496569,0.0,0.0
2018-02-09 00:00:00+05:30,61.93933486793366,64.05090310206776,61.32932483496273,63.48781967163086,1097178,0.0,0.0
2018-02-12 00:00:00+05:30,64.19167765089425,67.9455768449817,64.05090499911708,67.42941284179688,1636325,0.0,0.0
2018-02-14 00:00:00+05:30,65.88092974196992,66.2563211033476,63.206277927145386,63.816287994384766,2267389,0.0,0.0
2018-02-15 00:00:00+05:30,65.31784876069673,65.31784876069673,61.3762572165148,61.89241409301758,989790,0.0,0.0
2018-02-16 00:00:00+05:30,62.080108432347934,63.30012135631281,60.53162360578253,60.86008834838867,889324,0.0,0.0
2018-02-19 00:00:00+05:30,61.00086192016455,61.32932666773577,59.593149722006906,60.43777847290039,675188,0.0,0.0
2018-02-20 00:00:00+05:30,60.343933298733425,61.37625416033029,59.92161533717475,60.90701675415039,929739,0.0,0.0
2018-02-21 00:00:00+05:30,61.14163859736201,61.51702997358426,60.531628506000224,61.0008659362793,1194119,0.0,0.0
2018-02-22 00:00:00+05:30,60.95393235887455,61.28240425050352,59.82776551898543,60.25007629394531,636195,0.0,0.0
2018-02-23 00:00:00+05:30,60.90701406682945,60.90701406682945,59.35852926275863,59.49930191040039,851328,0.0,0.0
2018-02-26 00:00:00+05:30,60.0623787081013,60.39084340966253,58.74851274186288,58.983131408691406,785150,0.0,0.0
2018-02-27 00:00:00+05:30,59.17083602217732,61.47010002142076,59.076989973227505,60.015464782714844,2542269,0.0,0.0
2018-02-28 00:00:00+05:30,59.68699133746432,61.1885494719929,59.170830952469935,60.531620025634766,1500339,0.0,0.0
2018-03-01 00:00:00+05:30,60.57855023388046,61.23547971936246,59.59314884566308,59.96854019165039,542797,0.0,0.0
2018-03-05 00:00:00+05:30,59.87468921337809,60.90701360153804,59.17083314054058,60.15623092651367,747955,0.0,0.0
2018-03-06 00:00:00+05:30,60.71931481664234,60.95393350938051,59.12391057002045,59.49930191040039,759047,0.0,0.0
2018-03-07 00:00:00+05:30,58.560833844836175,59.31161303156535,55.13539910663755,56.91850280761719,1752200,0.0,0.0
2018-03-08 00:00:00+05:30,57.528499794452436,58.37312847701251,56.3084833707522,56.87156677246094,1165894,0.0,0.0
2018-03-09 00:00:00+05:30,57.24696125460989,57.575425993744034,56.402332525411865,57.29388427734375,943931,0.0,0.0
2018-03-12 00:00:00+05:30,57.95081916463719,58.18543786570859,56.77772565928016,57.01234436035156,685534,0.0,0.0
2018-03-13 00:00:00+05:30,56.871572750645456,59.31160943453289,56.77772670049481,58.37313461303711,1157628,0.0,0.0
2018-03-14 00:00:00+05:30,58.70160421532288,58.70160421532288,57.38774150474669,57.62236022949219,562755,0.0,0.0
2018-03-15 00:00:00+05:30,57.62235954014738,58.560834427902236,57.200045124658175,57.71620559692383,664690,0.0,0.0
2018-03-16 00:00:00+05:30,58.13851900172512,58.326214692012684,55.7454087955519,56.68388366699219,1443780,0.0,0.0
2018-03-19 00:00:00+05:30,56.636951005667335,56.636951005667335,54.90077411107659,55.182315826416016,706231,0.0,0.0
2018-03-20 00:00:00+05:30,55.323091863940604,55.79232927825732,54.71308179332993,54.94770050048828,643400,0.0,0.0
2018-03-21 00:00:00+05:30,55.37001215616862,56.77772432963053,55.37001215616862,56.30848693847656,1070555,0.0,0.0
2018-03-22 00:00:00+05:30,56.590030231645684,57.62235466890458,55.88617412533169,56.355411529541016,1083480,0.0,0.0
2018-03-23 00:00:00+05:30,55.83924752828822,56.261561881056195,54.47845842714565,55.6984748840332,987826,0.0,0.0
2018-03-26 00:00:00+05:30,55.60463176412026,56.21464181462849,54.47846129087281,55.557708740234375,2879580,0.0,0.0
2018-03-27 00:00:00+05:30,56.30848762145134,57.05926674040458,55.6515545498683,55.886173248291016,668903,0.0,0.0
2018-03-28 00:00:00+05:30,55.74540536573057,56.26156579726566,53.868455738332194,54.47846221923828,1092590,0.0,0.0
2018-04-02 00:00:00+05:30,54.99462289932993,55.60463296299036,53.91537900669645,54.14999771118164,916576,0.0,0.0
2018-04-03 00:00:00+05:30,54.33769538962375,55.51078895520287,54.1499997031316,54.431541442871094,1227357,0.0,0.0
2018-04-04 00:00:00+05:30,54.85385699219626,55.41694048347728,53.8684590924557,54.24384689331055,1179384,0.0,0.0
2018-04-05 00:00:00+05:30,54.85385400242124,55.65155616825735,54.52538566707899,55.04154968261719,626612,0.0,0.0
2018-04-06 00:00:00+05:30,55.04154675874488,56.02694455243144,54.90077411107659,55.182315826416016,788740,0.0,0.0
2018-04-09 00:00:00+05:30,55.37001262312105,55.65155434418833,55.08847090205378,55.323089599609375,993765,0.0,0.0
2018-04-10 00:00:00+05:30,55.604632711676764,55.79232839041607,54.19692049112799,54.47846221923828,908708,0.0,0.0
2018-04-11 00:00:00+05:30,54.99461993043828,54.99461993043828,54.19691781025161,54.29076385498047,464688,0.0,0.0
2018-04-12 00:00:00+05:30,54.24384038225195,54.61923171804492,53.91537564843093,54.05614471435547,471065,0.0,0.0
2018-04-13 00:00:00+05:30,54.243841294796525,54.525383011379084,53.4461391678131,53.63383483886719,524640,0.0,0.0
2018-04-16 00:00:00+05:30,53.25844535608644,53.446141033693245,51.38149574001291,51.803810119628906,1009270,0.0,0.0
2018-04-17 00:00:00+05:30,51.70996107497652,51.7568876799063,48.331453159877235,49.269927978515625,2584821,0.0,0.0
2018-04-18 00:00:00+05:30,49.64531800100931,49.69224102467812,47.86221446161685,48.566070556640625,11556420,0.0,0.0
2018-04-19 00:00:00+05:30,49.03530614136953,49.41069747684297,47.43989833560307,48.84761047363281,3787970,0.0,0.0
2018-04-20 00:00:00+05:30,48.800690312357666,55.55770968699127,48.800690312357666,54.47846221923828,11866835,0.0,0.0
2018-04-23 00:00:00+05:30,54.47845931417977,57.15311453859511,54.47845931417977,56.49618148803711,6269485,0.0,0.0
2018-04-24 00:00:00+05:30,56.308484254338005,58.185433729482604,56.12078859082414,56.449256896972656,5761135,0.0,0.0
2018-04-25 00:00:00+05:30,55.83925186130075,56.683880632378184,54.4784626545637,54.71308135986328,1460992,0.0,0.0
2018-04-26 00:00:00+05:30,54.760000784767804,55.651552522291276,53.07074693366903,53.16459655761719,1140909,0.0,0.0
2018-04-27 00:00:00+05:30,53.49306039073458,54.29076249087829,52.60150866822293,53.58690643310547,945356,0.0,0.0
2018-04-30 00:00:00+05:30,54.431540143541895,54.80693150756527,53.58691136448799,53.727684020996094,483346,0.0,0.0
2018-05-02 00:00:00+05:30,54.19692018617756,57.528505040064346,53.82152883081118,56.355411529541016,3285689,0.0,0.0
2018-05-03 00:00:00+05:30,56.308492737176906,57.52850936381623,54.43154297927101,56.59003448486328,1432751,0.0,0.0
2018-05-04 00:00:00+05:30,56.96542617444485,57.29389095184378,54.71308502085984,55.933101654052734,958637,0.0,0.0
2018-05-07 00:00:00+05:30,55.886166248979656,56.683871871708746,55.18231024186405,55.46385192871094,1142882,0.0,0.0
2018-05-08 00:00:00+05:30,55.463860940237204,55.93309835455392,53.96230264642265,54.94770050048828,814009,0.0,0.0
2018-05-09 00:00:00+05:30,54.7130795881724,55.60463135544051,53.30536740195872,53.77460479736328,817160,0.0,0.0
2018-05-10 00:00:00+05:30,54.00922723439151,58.748524540103126,53.16460201218405,57.10619354248047,4161169,0.0,0.0
2018-05-11 00:00:00+05:30,57.01234646422723,62.78396815556771,56.91850041233446,61.84549331665039,7408477,0.0,0.0
2018-05-14 00:00:00+05:30,62.173958938116996,63.393979109579895,59.21776172264528,62.31473159790039,3007110,0.0,0.0
2018-05-15 00:00:00+05:30,61.93933831017867,64.7078361736812,60.53162607585642,60.81317138671875,2590406,0.0,0.0
2018-05-16 00:00:00+05:30,60.62546897687327,62.78396382137263,59.26468341838083,60.95393371582031,2006759,0.0,0.0
2018-05-17 00:00:00+05:30,60.39085139545362,63.20627576969383,59.03006581190196,61.09470748901367,3983054,0.0,0.0
2018-05-18 00:00:00+05:30,60.71930811122376,61.84548200799676,58.654666707130175,58.983131408691406,1415146,0.0,0.0
2018-05-21 00:00:00+05:30,58.56082354180111,60.86008372538396,56.30848279788687,58.51389694213867,2078637,0.0,0.0
2018-05-22 00:00:00+05:30,57.716200354442236,61.094708211483855,57.340809001438835,60.10931396484375,2238384,0.0,0.0
2018-05-23 00:00:00+05:30,59.59315232307681,61.000864582677046,57.62235659163543,58.18544006347656,729419,0.0,0.0
2018-05-24 00:00:00+05:30,58.27928682543303,59.59315304906494,57.29388894770782,57.763126373291016,619787,0.0,0.0
2018-05-25 00:00:00+05:30,57.246967470415974,58.701602813090965,56.777730032133874,57.81005096435547,459027,0.0,0.0
2018-05-28 00:00:00+05:30,58.18543022876079,59.35852358014709,57.99773457653962,58.560821533203125,405380,0.0,0.0
2018-05-29 00:00:00+05:30,58.560832841067445,59.59315375762575,57.10619394046599,57.669281005859375,437499,0.0,0.0
2018-05-30 00:00:00+05:30,57.29388559804558,59.405453889718,56.87157122371164,58.326210021972656,4007687,0.0,0.0
2018-05-31 00:00:00+05:30,58.27927828867535,59.12390696300273,57.29388055529136,58.84236526489258,707845,0.0,0.0
2018-06-01 00:00:00+05:30,58.42005833923093,58.98314180688722,56.68388133062623,57.95082092285156,430907,0.0,0.0
2018-06-04 00:00:00+05:30,58.09159285081002,58.185438900909325,54.43153961697969,55.04154968261719,2078305,0.0,0.0
2018-06-05 00:00:00+05:30,55.088469098590714,55.370010810440995,51.897653484295276,53.16459655761719,1807468,0.0,0.0
2018-06-06 00:00:00+05:30,53.21152114944113,53.58690891631718,52.273046362255215,52.883052825927734,1939653,0.0,0.0
2018-06-07 00:00:00+05:30,53.21151772178897,55.55770453862273,51.146872606975876,51.89765167236328,5431065,0.0,0.0
2018-06-08 00:00:00+05:30,51.89765635339189,53.63383690244585,51.28764987399236,52.69536209106445,1457511,0.0,0.0
2018-06-11 00:00:00+05:30,53.02382256698468,53.962297302683524,53.02382256698468,53.35228729248047,396195,0.0,0.0
2018-06-12 00:00:00+05:30,53.680755597973274,53.86845126111244,53.07074558777022,53.35228729248047,454015,0.0,0.0
2018-06-13 00:00:00+05:30,53.39921371350527,55.13539053670483,52.64843106347595,54.33768844604492,954267,0.0,0.0
2018-06-14 00:00:00+05:30,54.43153628929834,56.12079014779439,54.14999457621519,55.27616500854492,2863184,0.0,0.0
2018-06-15 00:00:00+05:30,55.27616838786279,55.74540579835399,54.52538566707899,55.04154968261719,1154791,0.0,0.0
2018-06-18 00:00:00+05:30,55.5107809593581,56.12078737759465,54.19691492316147,54.7599983215332,718610,0.0,0.0
2018-06-19 00:00:00+05:30,54.43153945221877,54.57231210693896,53.63383728879725,53.821529388427734,311306,0.0,0.0
2018-06-20 00:00:00+05:30,54.056145611558584,55.22923908038579,53.86845352054396,54.853851318359375,359513,0.0,0.0
2018-06-21 00:00:00+05:30,54.853850863345,55.745402608257656,53.96229911843234,54.29076385498047,584698,0.0,0.0
2018-06-22 00:00:00+05:30,54.14999771118164,54.572312095254446,53.868455981798874,54.14999771118164,433280,0.0,0.0
2018-06-25 00:00:00+05:30,54.38728429196027,54.71949501165063,53.72286647336537,53.91270065307617,241061,0.65,0.0
2018-06-26 00:00:00+05:30,53.53303395105395,53.81778339978373,52.25165600059143,52.441490173339844,391131,0.0,0.0
2018-06-27 00:00:00+05:30,52.346579269268894,52.67878638373481,50.73299409732162,51.255035400390625,1459240,0.0,0.0
2018-06-28 00:00:00+05:30,51.16012316258857,51.16012316258857,49.59399553934733,49.8312873840332,646299,0.0,0.0
2018-06-29 00:00:00+05:30,50.30586375662923,52.48894768606166,49.83128013628367,51.39740753173828,657912,0.0,0.0
2018-07-02 00:00:00+05:30,51.25503164383982,51.39740818005367,49.35669713851242,49.87873840332031,543271,0.0,0.0
2018-07-03 00:00:00+05:30,49.593990325927734,50.305865785151575,49.356698506186454,49.593990325927734,683568,0.0,0.0
2018-07-04 00:00:00+05:30,49.831285158143,50.068576992229396,48.407534153624624,48.692283630371094,2616354,0.0,0.0
2018-07-05 00:00:00+05:30,48.40753375111362,49.593992911680125,48.36007610884816,48.50244903564453,731643,0.0,0.0
2018-07-06 00:00:00+05:30,48.597362012139996,49.49907158832023,48.50244311840306,49.26177978515625,1233942,0.0,0.0
2018-07-09 00:00:00+05:30,50.0211154824672,50.21094965921756,48.36007277227664,49.21432113647461,1377583,0.0,0.0
2018-07-10 00:00:00+05:30,49.21432350979681,49.59399188160674,48.26515620105793,48.45499038696289,1696600,0.0,0.0
2018-07-11 00:00:00+05:30,48.12278180756444,50.780449466711815,48.12278180756444,50.116031646728516,1532382,0.0,0.0
2018-07-12 00:00:00+05:30,50.49570424944333,51.539786896576516,49.35670269388867,50.827911376953125,1814080,0.0,0.0
2018-07-13 00:00:00+05:30,50.82790255885572,51.2550285206852,48.929568169200714,49.73636245727539,801088,0.0,0.0
2018-07-16 00:00:00+05:30,50.5431589937571,50.5431589937571,48.360074916306004,48.787200927734375,515684,0.0,0.0
2018-07-17 00:00:00+05:30,49.02448798199227,49.593986861271596,48.407527845451696,49.26177978515625,546082,0.0,0.0
2018-07-18 00:00:00+05:30,49.309244452219374,49.64145157570131,46.31936585773755,47.50582504272461,949085,0.0,0.0
2018-07-19 00:00:00+05:30,47.838035786992634,48.17024291047458,46.5092000514927,47.50582504272461,411563,0.0,0.0
2018-07-20 00:00:00+05:30,47.74311728109241,48.26515860271823,47.55328308574135,47.69565963745117,302518,0.0,0.0
2018-07-23 00:00:00+05:30,47.031238373568335,47.93294802089078,46.50919708957719,47.36344909667969,738649,0.0,0.0
2018-07-24 00:00:00+05:30,47.98040753593383,49.73636925897255,47.4109085894697,48.834659576416016,772388,0.0,0.0
2018-07-25 00:00:00+05:30,48.64482200467986,49.45161272619927,48.64482200467986,49.02449035644531,484556,0.0,0.0
2018-07-26 00:00:00+05:30,49.2617860162857,49.926200252558225,48.692283444184355,49.54653549194336,396830,0.0,0.0
2018-07-27 00:00:00+05:30,49.736370690461484,54.861872218516424,49.59399413935464,53.58049774169922,9189626,0.0,0.0
2018-07-30 00:00:00+05:30,55.05170392297613,55.526287577484545,52.441493823179854,53.295745849609375,2663113,0.0,0.0
2018-07-31 00:00:00+05:30,52.58387450431063,54.339832715808285,51.112662162974175,54.007625579833984,1928106,0.0,0.0
2018-08-01 00:00:00+05:30,54.387286107770414,54.766954479867884,52.963535143583826,53.817787170410156,1212375,0.0,0.0
2018-08-02 00:00:00+05:30,53.39066218464454,55.95341469366468,53.153370352712784,54.90932846069336,2425964,0.0,0.0
2018-08-03 00:00:00+05:30,55.146615518776926,58.56361977526776,55.051700242535105,57.28224182128906,2891876,0.0,0.0
2018-08-06 00:00:00+05:30,58.7534618779386,61.69587928797364,57.899209793329106,61.26875686645508,4957770,0.0,0.0
2018-08-07 00:00:00+05:30,61.553500302351665,64.97050126425155,59.65516563001038,60.1297492980957,14034620,0.0,0.0
2018-08-08 00:00:00+05:30,60.41450219637235,61.363669529413315,58.089041506264756,60.46195983886719,2434473,0.0,0.0
2018-08-09 00:00:00+05:30,60.31957659677486,61.93316160803795,59.56024353876447,61.36366271972656,1942582,0.0,0.0
2018-08-10 00:00:00+05:30,61.506042780241735,63.40437734455078,60.65179077798833,62.73995590209961,3926824,0.0,0.0
2018-08-13 00:00:00+05:30,63.024711753458185,63.262003584426346,60.65179344377656,61.12637710571289,1345299,0.0,0.0
2018-08-14 00:00:00+05:30,61.506043798049255,62.217919271445325,59.79753976526997,59.84499740600586,809969,0.0,0.0
2018-08-16 00:00:00+05:30,59.8450002014769,60.98400173627267,58.37379154522598,58.75345993041992,501528,0.0,0.0
2018-08-17 00:00:00+05:30,59.22804362779802,61.22129359898545,58.23141502141824,60.84162521362305,1118027,0.0,0.0
2018-08-20 00:00:00+05:30,60.509414078632425,61.69587317821345,60.3195798985423,60.651790618896484,827580,0.0,0.0
2018-08-21 00:00:00+05:30,61.17382955096772,62.40774993684198,60.8416224444852,61.74333572387695,1896398,0.0,0.0
2018-08-23 00:00:00+05:30,61.69587787828947,66.10950751328154,61.22129420230263,63.11962890625,5399437,0.0,0.0
2018-08-24 00:00:00+05:30,62.73995613385561,64.35354486442176,62.17045721077355,63.262001037597656,1695785,0.0,0.0
2018-08-27 00:00:00+05:30,63.689122718187434,64.30608289538739,61.69587288856356,62.028079986572266,940633,0.0,0.0
2018-08-28 00:00:00+05:30,61.98063059135212,67.62817340350738,61.22129381791194,64.82813262939453,5312365,0.0,0.0
2018-08-29 00:00:00+05:30,64.44845709064641,65.87220795166995,62.83486843654359,63.309452056884766,1201791,0.0,0.0
2018-08-30 00:00:00+05:30,63.26200082164554,67.86546069307099,63.16708554171782,65.682373046875,4858007,0.0,0.0
2018-08-31 00:00:00+05:30,65.30270936984284,73.46554623068035,64.82812574721774,71.42483520507812,17030726,0.0,0.0
2018-09-03 00:00:00+05:30,72.08925666704761,73.27571584353998,69.95363014936135,70.71296691894531,4590260,0.0,0.0
2018-09-04 00:00:00+05:30,71.09263094960674,73.79775625801716,70.90279314805147,71.89942169189453,6701352,0.0,0.0
2018-09-05 00:00:00+05:30,71.18753693818084,71.47228998256185,68.43495072825704,71.14007568359375,3348360,0.0,0.0
2018-09-06 00:00:00+05:30,71.23500778950398,71.89942199380818,69.09938139364829,70.52313232421875,1761964,0.0,0.0
2018-09-07 00:00:00+05:30,70.7129602432251,74.27233743667603,69.57396243794938,72.13671112060547,4638832,0.0,0.0
2018-09-10 00:00:00+05:30,72.75368350638735,72.75368350638735,69.95363529880429,70.95026397705078,2351184,0.0,0.0
2018-09-11 00:00:00+05:30,71.18755181282663,71.56722020414283,68.43496502774956,69.3841323852539,1249943,0.0,0.0
2018-09-12 00:00:00+05:30,69.47903719161765,69.81125150988669,64.11624822396487,66.48916625976562,3192275,0.0,0.0
2018-09-14 00:00:00+05:30,67.15359772799307,68.34005705180921,66.91630586322985,67.62818145751953,1136697,0.0,0.0
2018-09-17 00:00:00+05:30,67.15358056645815,69.71632915434468,65.30270739093687,67.53324890136719,2167670,0.0,0.0
2018-09-18 00:00:00+05:30,67.4383341578625,68.05528706016923,65.16033137208223,65.49253845214844,1099144,0.0,0.0
2018-09-19 00:00:00+05:30,65.54000813890514,66.91629789399677,63.831504019450826,64.82813262939453,830470,0.0,0.0
2018-09-21 00:00:00+05:30,64.82813324939623,65.87221589168271,53.67541320628191,60.69925308227539,2736989,0.0,0.0
2018-09-24 00:00:00+05:30,63.1196295594458,63.404382664613564,57.89920906956682,58.46870803833008,1719410,0.0,0.0
2018-09-25 00:00:00+05:30,58.421249207787504,61.411124164245614,57.42462422230147,60.319583892822266,2472831,0.0,0.0
2018-09-26 00:00:00+05:30,60.98400072355019,61.12637727083008,58.46870586017886,59.750083923339844,1431867,0.0,0.0
2018-09-27 00:00:00+05:30,60.2721239904512,61.031460732628936,58.70599648569203,59.180580139160156,1439585,0.0,0.0
2018-09-28 00:00:00+05:30,59.32295328458469,59.32295328458469,53.438115594596745,55.5737419128418,2224080,0.0,0.0
2018-10-01 00:00:00+05:30,54.62457606015291,56.90257897297365,52.20420022827201,55.81103515625,3850547,0.0,0.0
2018-10-03 00:00:00+05:30,55.288990521835075,57.851742737991415,53.770324419334955,56.0008659362793,1679710,0.0,0.0
2018-10-04 00:00:00+05:30,55.52628166148584,56.000865265430164,53.05844836928958,54.24490737915039,1299582,0.0,0.0
2018-10-05 00:00:00+05:30,54.10253926992255,54.861872430255474,52.2042045586972,52.72624588012695,1515327,0.0,0.0
2018-10-08 00:00:00+05:30,52.29911684709716,54.766954002655275,51.53978373030463,52.58386993408203,1526295,0.0,0.0
2018-10-09 00:00:00+05:30,52.91608085486665,55.146622725098126,52.678789012468144,54.14999771118164,1302178,0.0,0.0
2018-10-10 00:00:00+05:30,54.00762022766983,58.80091431609166,52.20420092907823,58.08903884887695,3961312,0.0,0.0
2018-10-11 00:00:00+05:30,56.665293384135374,59.13312712704271,55.14662340168098,58.516170501708984,1473036,0.0,0.0
2018-10-12 00:00:00+05:30,59.08566904955274,60.27212826741525,58.84837720598024,59.892459869384766,629580,0.0,0.0
2018-10-15 00:00:00+05:30,59.89245511255617,65.49254362440676,58.37378888262342,64.68575286865234,1651106,0.0,0.0
2018-10-16 00:00:00+05:30,64.92304431370555,67.39087782811075,63.35691683135764,65.01795959472656,1856511,0.0,0.0
2018-10-17 00:00:00+05:30,66.06204491834812,66.06204491834812,58.848374636969496,59.939918518066406,1736984,0.0,0.0
2018-10-19 00:00:00+05:30,59.79754117748798,62.645043138320744,59.32295751734919,60.08229064941406,1588565,0.0,0.0
2018-10-22 00:00:00+05:30,60.74671116786176,61.12637956097535,56.048332001815226,56.902584075927734,1437595,0.0,0.0
2018-10-23 00:00:00+05:30,55.00424108999156,55.43136706289114,51.82452873243745,54.62457275390625,1896458,0.0,0.0
2018-10-24 00:00:00+05:30,56.42799190910296,56.57036481952044,55.05169871702033,56.0008659362793,566336,0.0,0.0
2018-10-25 00:00:00+05:30,55.478824699705406,56.19070011427617,53.24827956157898,54.62457275390625,2057205,0.0,0.0
2018-10-26 00:00:00+05:30,54.861870049964686,56.522912850219235,53.77032981084041,55.90595626831055,710888,0.0,0.0
2018-10-29 00:00:00+05:30,56.0008659362793,57.139867323547186,55.43136705303816,56.0008659362793,890449,0.0,0.0
2018-10-30 00:00:00+05:30,56.000873965174776,56.855126033296976,55.71612448272942,56.19070816040039,1198760,0.0,0.0
2018-10-31 00:00:00+05:30,56.42799858274991,56.80766334288447,55.52628889365304,55.95341491699219,1058675,0.0,0.0
2018-11-01 00:00:00+05:30,56.47545422190004,57.18732969528533,56.00087057297651,56.38053894042969,1330570,0.0,0.0
2018-11-02 00:00:00+05:30,56.95004131909665,58.8483760297332,56.47545764143751,57.756832122802734,2246687,0.0,0.0
2018-11-05 00:00:00+05:30,57.37716531698864,57.994121903579746,56.285621448794075,56.61783218383789,608517,0.0,0.0
2018-11-06 00:00:00+05:30,56.99749997291809,57.3297107256392,56.23816679936242,56.76020812988281,450718,0.0,0.0
2018-11-07 00:00:00+05:30,56.95003498371707,58.13649404587784,56.902577345387776,57.80428695678711,163593,0.0,0.0
2018-11-09 00:00:00+05:30,57.66191284439096,59.79753924603507,57.329705741338444,58.08903884887695,1126023,0.0,0.0
2018-11-12 00:00:00+05:30,58.4212416864714,58.75345238605438,57.42461682929367,57.899200439453125,947234,0.0,0.0
2018-11-13 00:00:00+05:30,57.756829722545476,58.705997038418275,56.71274712339978,57.99412155151367,905430,0.0,0.0
2018-11-14 00:00:00+05:30,58.42124821801423,60.08229103927824,57.899206912631314,59.750083923339844,896960,0.0,0.0
2018-11-15 00:00:00+05:30,59.892456442291156,60.65179319490226,58.611082008635385,59.56024932861328,554993,0.0,0.0
2018-11-16 00:00:00+05:30,59.70262546607557,60.12974786051187,58.70599689029498,59.37041473388672,376750,0.0,0.0
2018-11-19 00:00:00+05:30,59.37041514046051,59.79754115860776,58.84837383862986,59.56024932861328,174653,0.0,0.0
2018-11-20 00:00:00+05:30,59.46533363770609,60.936538628653715,59.22804180933661,59.37041473388672,697013,0.0,0.0
2018-11-21 00:00:00+05:30,59.41787237540343,60.65179277955349,59.27549945085331,59.37041473388672,423317,0.0,0.0
2018-11-22 00:00:00+05:30,59.56024790954589,59.797539733886715,59.32295608520508,59.32295608520508,201977,0.0,0.0
2018-11-26 00:00:00+05:30,59.465338545650795,59.65516912738519,56.38054452224548,57.3297119140625,377579,0.0,0.0
2018-11-27 00:00:00+05:30,57.13986723905106,57.899200289178246,56.57036473586648,56.85511779785156,233832,0.0,0.0
2018-11-28 00:00:00+05:30,57.13987028247238,57.42461973883839,56.3805371919011,56.997493743896484,193629,0.0,0.0
2018-11-29 00:00:00+05:30,56.902579472268705,57.8517467574749,56.855121832165565,57.044952392578125,227618,0.0,0.0
2018-11-30 00:00:00+05:30,57.329709709538406,58.61108419090363,56.855126031879266,57.756832122802734,275679,0.0,0.0
2018-12-03 00:00:00+05:30,57.80429560997101,57.899210900838206,56.760209306500535,57.3297119140625,223424,0.0,0.0
2018-12-04 00:00:00+05:30,57.56700053709246,57.56700053709246,53.24828624963197,57.18733215332031,453694,0.0,0.0
2018-12-05 00:00:00+05:30,56.902582675884226,58.373791326625714,56.52291429211208,57.18733215332031,268485,0.0,0.0
2018-12-06 00:00:00+05:30,57.234791603475216,57.42462580135594,56.3330818791314,57.0924186706543,182196,0.0,0.0
2018-12-07 00:00:00+05:30,56.950036104633114,57.661911555941025,56.285618292588566,56.997493743896484,582373,0.0,0.0
2018-12-10 00:00:00+05:30,56.9500417198704,57.61445959742612,56.47545803887148,56.902584075927734,351415,0.0,0.0
2018-12-11 00:00:00+05:30,56.28562146658285,57.47208061900149,54.33982918077349,57.13987350463867,157279,0.0,0.0
2018-12-12 00:00:00+05:30,57.09241477909321,59.79754014695041,56.71274640921091,59.51279067993164,476821,0.0,0.0
2018-12-13 00:00:00+05:30,59.987375754948985,60.12974868144287,58.183956386405086,59.750083923339844,375072,0.0,0.0
2018-12-14 00:00:00+05:30,59.13312331046603,59.98737534676054,58.611082008635385,59.56024932861328,186920,0.0,0.0
2018-12-17 00:00:00+05:30,59.844995892385704,60.55687134777678,58.136495523604296,58.563621520996094,291021,0.0,0.0
2018-12-18 00:00:00+05:30,58.37378841630881,60.74670664461405,58.13649659347829,59.6551628112793,518343,0.0,0.0
2018-12-19 00:00:00+05:30,59.79753745095323,60.177205803718024,58.42124419816302,58.70599365234375,417479,0.0,0.0
2018-12-20 00:00:00+05:30,58.70599947860006,59.22804442065827,56.71274948072986,57.23479080200195,434332,0.0,0.0
2018-12-21 00:00:00+05:30,57.47207630179839,58.23140937814933,56.19070196175529,56.42799377441406,616231,0.0,0.0
2018-12-24 00:00:00+05:30,56.57037292958664,57.282248446087074,55.76358212586726,56.71274948120117,316627,0.0,0.0
2018-12-26 00:00:00+05:30,56.048327987893394,56.712745817866576,54.95678777223862,55.85849380493164,548786,0.0,0.0
2018-12-27 00:00:00+05:30,56.14324952050254,57.09241685900108,56.000872971413344,56.66529083251953,430001,0.0,0.0
2018-12-28 00:00:00+05:30,56.9500419296685,57.377167968298245,55.95341692005653,56.57037353515625,356617,0.0,0.0
2018-12-31 00:00:00+05:30,56.61783519653335,57.18733417150356,56.23816679936242,56.76020812988281,311387,0.0,0.0
2019-01-01 00:00:00+05:30,56.76020374866049,57.66191340675039,56.285620099222214,57.42462158203125,377138,0.0,0.0
2019-01-02 00:00:00+05:30,57.37717012109433,59.228047277410845,56.71275221616195,58.23141860961914,782890,0.0,0.0
2019-01-03 00:00:00+05:30,58.56362249368676,59.08566377882037,57.70937048471477,58.08903884887695,398033,0.0,0.0
2019-01-04 00:00:00+05:30,58.089042869635804,58.468707639291445,57.18733315792622,57.756832122802734,369574,0.0,0.0
2019-01-07 00:00:00+05:30,57.946660516470786,58.65853596168734,57.8992028776135,58.18395233154297,252967,0.0,0.0
2019-01-08 00:00:00+05:30,58.089039856411645,58.75345769482664,57.6619138445173,58.136497497558594,321598,0.0,0.0
2019-01-09 00:00:00+05:30,57.99412095333183,58.65853879174683,57.472079659143596,58.136497497558594,422659,0.0,0.0
2019-01-10 00:00:00+05:30,57.99411957322132,58.75345629664588,57.89920429318617,58.42124557495117,255807,0.0,0.0
2019-01-11 00:00:00+05:30,58.56362334841104,61.69587472571314,58.13649733769123,58.99074935913086,1062571,0.0,0.0
2019-01-14 00:00:00+05:30,59.03821245362562,59.32296194681307,58.089045062476615,58.37379455566406,290487,0.0,0.0
2019-01-15 00:00:00+05:30,58.99075098089211,59.844999405030634,58.278875483716995,59.41787338256836,419450,0.0,0.0
2019-01-16 00:00:00+05:30,59.417877237613475,59.65516908540072,58.18396035327701,58.37379455566406,292231,0.0,0.0
2019-01-17 00:00:00+05:30,58.7059921534917,58.753453411964855,57.61445200353663,57.946659088134766,448510,0.0,0.0
2019-01-18 00:00:00+05:30,57.99412619170541,58.37379459674672,57.09242006610825,57.3297119140625,349885,0.0,0.0
2019-01-21 00:00:00+05:30,57.044952392578125,57.377163114871806,56.61783001086401,57.044952392578125,576128,0.0,0.0
2019-01-22 00:00:00+05:30,57.13987408138648,57.567000104725636,54.434745014095874,55.95341491699219,905600,0.0,0.0
2019-01-23 00:00:00+05:30,56.28561883732811,57.139870835479485,55.716119919084406,56.33307647705078,398605,0.0,0.0
2019-01-24 00:00:00+05:30,56.333076255164464,56.71274461302203,55.71611969962817,56.143245697021484,603585,0.0,0.0
2019-01-25 00:00:00+05:30,56.1907065104006,56.52291362670081,53.865245833941096,54.38728713989258,582461,0.0,0.0
2019-01-28 00:00:00+05:30,53.34320128649303,55.811034739639084,51.634700925023765,55.62120056152344,1164632,0.0,0.0
2019-01-29 00:00:00+05:30,56.00087155143928,56.23816338004708,53.248284891274494,55.90595626831055,1064592,0.0,0.0
2019-01-30 00:00:00+05:30,56.1907091549126,57.13987652705374,55.81104075774167,56.76020812988281,521031,0.0,0.0
2019-01-31 00:00:00+05:30,56.95003931609449,57.3771653351224,55.8110378056154,57.13987350463867,413321,0.0,0.0
2019-02-01 00:00:00+05:30,56.950037870823564,57.044953152293914,55.43137164258263,56.38053894042969,242211,0.0,0.0
2019-02-04 00:00:00+05:30,56.19070551940502,57.7093717682595,54.57712036700592,55.3839111328125,896166,0.0,0.0
2019-02-05 00:00:00+05:30,53.15336988425541,55.52628818265968,52.29911784851549,52.63132858276367,540717,0.0,0.0
2019-02-06 00:00:00+05:30,53.15337150327621,53.15337150327621,50.210954171945,51.49232864379883,506205,0.0,0.0
2019-02-07 00:00:00+05:30,51.49232884736362,51.919454879932154,50.3058696573322,50.63807678222656,364175,0.0,0.0
2019-02-08 00:00:00+05:30,50.400776597026244,50.59061076014884,49.54652829415279,49.73636245727539,1276791,0.0,0.0
2019-02-11 00:00:00+05:30,49.35669744865078,49.68890454085625,47.83803128316044,49.02449035644531,2763331,0.0,0.0
2019-02-12 00:00:00+05:30,49.26178762869848,49.35670291676241,48.407535552978516,48.407535552978516,386223,0.0,0.0
2019-02-14 00:00:00+05:30,47.60073965801727,47.60073965801727,45.84477805009316,46.7939453125,524734,0.0,0.0
2019-02-15 00:00:00+05:30,46.69903240454942,46.69903240454942,45.65494619044307,46.03461456298828,333475,0.0,0.0
2019-02-18 00:00:00+05:30,45.56003718419526,46.034620904863964,44.13628602218916,44.75324630737305,4980802,0.0,0.0
2019-02-19 00:00:00+05:30,44.61086974285786,46.12953620068313,43.85153651394523,44.75324630737305,444912,0.0,0.0
2019-02-20 00:00:00+05:30,45.08544961405542,45.98715933049375,44.13628225375952,45.797325134277344,310304,0.0,0.0
2019-02-21 00:00:00+05:30,45.89223350087414,51.587236803772385,45.275276982198186,49.45161056518555,659220,0.0,0.0
2019-02-22 00:00:00+05:30,49.451612952216124,50.78044856868287,48.45498805025893,49.21432113647461,1515615,0.0,0.0
2019-02-25 00:00:00+05:30,49.35669744865078,49.641446902082,48.549906727131365,49.02449035644531,159744,0.0,0.0
2019-02-26 00:00:00+05:30,48.407532117641196,48.882115765853364,46.88886589167661,48.07532501220703,462399,0.0,0.0
2019-02-27 00:00:00+05:30,48.07532685039044,49.831284967601015,48.07532685039044,49.54653549194336,506987,0.0,0.0
2019-02-28 00:00:00+05:30,50.21095498722507,50.21095498722507,48.36007790388305,48.9295768737793,282996,0.0,0.0
2019-03-01 00:00:00+05:30,49.16686484266384,52.01436670946815,48.929573020430155,51.34994888305664,736277,0.0,0.0
2019-03-05 00:00:00+05:30,52.1567470971893,55.1466221053373,51.634705773936744,54.814414978027344,936439,0.0,0.0
2019-03-06 00:00:00+05:30,55.2415358635183,55.526285320491866,52.346576412846396,53.72286605834961,347733,0.0,0.0
2019-03-07 00:00:00+05:30,53.72287124076329,57.329710112983996,52.821165143494255,56.902584075927734,2216428,0.0,0.0
2019-03-08 00:00:00+05:30,57.37716114100746,57.899202405754664,54.672032298758964,55.5737419128418,783921,0.0,0.0
2019-03-11 00:00:00+05:30,56.000871495197295,60.177209122814524,55.811037308344524,59.37041473388672,1667583,0.0,0.0
2019-03-12 00:00:00+05:30,60.03483989170244,62.64505032177646,59.32296431986407,61.79079818725586,1723802,0.0,0.0
2019-03-13 00:00:00+05:30,62.17045401048291,62.40774581968323,59.797535918479745,61.22128677368164,817900,0.0,0.0
2019-03-14 00:00:00+05:30,61.69587562013552,61.69587562013552,60.177209360877335,60.41450119018555,394439,0.0,0.0
2019-03-15 00:00:00+05:30,61.17383335668737,61.17383335668737,57.8992088665988,58.27887725830078,499072,0.0,0.0
2019-03-18 00:00:00+05:30,58.75345724877278,58.75345724877278,56.52291192394135,57.42462158203125,1044404,0.0,0.0
2019-03-19 00:00:00+05:30,56.997493743896484,58.753455362927475,56.950036104633114,56.997493743896484,392715,0.0,0.0
2019-03-20 00:00:00+05:30,56.950043509021185,58.61108644470097,56.80766695193413,57.3297119140625,314858,0.0,0.0
2019-03-22 00:00:00+05:30,57.0449542145707,58.13649807573564,56.90258128971395,57.47208023071289,482604,0.0,0.0
2019-03-25 00:00:00+05:30,56.95003643148656,57.851746065808925,55.33645134177061,56.143245697021484,2694090,0.0,0.0
2019-03-26 00:00:00+05:30,56.00086832249418,56.855120304541444,55.33645051654473,55.76357650756836,404579,0.0,0.0
2019-03-27 00:00:00+05:30,55.763580163675854,57.566999523666574,55.05170467222467,57.13987350463867,1643058,0.0,0.0
2019-03-28 00:00:00+05:30,57.80428804607109,58.326329319102214,56.23816060619194,56.4754524230957,335772,0.0,0.0
2019-04-01 00:00:00+05:30,57.80428838191288,59.03820511282433,57.37716238484736,58.04158020019531,555286,0.0,0.0
2019-04-02 00:00:00+05:30,58.46870558287595,58.46870558287595,56.85512403221539,57.13987350463867,407206,0.0,0.0
2019-04-03 00:00:00+05:30,57.42462210290155,57.66191392977305,55.05170383418661,55.716121673583984,541755,0.0,0.0
2019-04-04 00:00:00+05:30,55.90595250877023,55.95341014714319,54.1025332843122,54.529659271240234,385079,0.0,0.0
2019-04-05 00:00:00+05:30,54.95677950280247,55.24152892400544,53.77032056380229,54.1025276184082,398540,0.0,0.0
2019-04-08 00:00:00+05:30,54.43474420214148,55.905956440674466,54.19745237280209,55.05170440673828,450581,0.0,0.0
2019-04-09 00:00:00+05:30,55.478831426565705,55.478831426565705,54.19745335249868,54.57712173461914,319046,0.0,0.0
2019-04-10 00:00:00+05:30,54.86186389180668,55.051698057541515,54.00761557717823,54.24490737915039,295743,0.0,0.0
2019-04-11 00:00:00+05:30,54.67203881610861,56.238166417831025,54.29237404229959,55.52629089355469,483974,0.0,0.0
2019-04-12 00:00:00+05:30,55.38391575217491,55.52629230897396,54.29237542626512,55.24154281616211,1184153,0.0,0.0
2019-04-15 00:00:00+05:30,55.099164461548185,55.3364563012799,54.577123138295626,54.814414978027344,342423,0.0,0.0
2019-04-16 00:00:00+05:30,55.194078186745465,55.90595363908981,54.861867469846636,55.62120056152344,440003,0.0,0.0
2019-04-18 00:00:00+05:30,55.71612198726002,55.76357962874431,51.25503489280328,53.48557662963867,1256989,0.0,0.0
2019-04-22 00:00:00+05:30,53.4381217956543,54.00762438574387,52.20420494830611,53.4381217956543,422602,0.0,0.0
2019-04-23 00:00:00+05:30,53.15337231554793,53.343206512260686,51.82453655934477,52.916080474853516,590256,0.0,0.0
2019-04-24 00:00:00+05:30,52.77370414514881,52.8686230542994,51.207580162418814,51.53978729248047,4530849,0.0,0.0
2019-04-25 00:00:00+05:30,51.63470234766028,51.72961762894031,50.78045033299645,51.01774215698242,386624,0.0,0.0
2019-04-26 00:00:00+05:30,51.06520462036133,52.01437200594717,50.59062092756841,51.06520462036133,310393,0.0,0.0
2019-04-30 00:00:00+05:30,51.065200783554445,51.44486915757672,50.16349111084101,50.54315948486328,238189,0.0,0.0
2019-05-02 00:00:00+05:30,50.54316371295652,50.54316371295652,49.926203458756156,50.21095657348633,139499,0.0,0.0
2019-05-03 00:00:00+05:30,49.87873928347509,51.39740908700672,49.07194855278869,50.78044891357422,3802156,0.0,0.0
2019-05-06 00:00:00+05:30,50.78045191735598,51.160120295893606,49.831284591797925,50.40078353881836,385104,0.0,0.0
2019-05-07 00:00:00+05:30,50.68553460479927,51.2550335290297,50.06857441956142,50.30586624145508,334276,0.0,0.0
2019-05-08 00:00:00+05:30,50.068578219075334,51.11266086632454,49.546536895450735,49.78382873535156,259134,0.0,0.0
2019-05-09 00:00:00+05:30,49.78382404115717,50.21095003686151,48.64482259287417,48.88211441040039,191024,0.0,0.0
2019-05-10 00:00:00+05:30,49.07195242921816,50.495703445806,48.88211823618256,49.92620086669922,216232,0.0,0.0
2019-05-13 00:00:00+05:30,50.780448950610115,50.780448950610115,48.549907314178,48.88211441040039,310356,0.0,0.0
2019-05-14 00:00:00+05:30,49.26178322660427,50.258408145360484,49.02449140686299,49.593990325927734,250391,0.0,0.0
2019-05-15 00:00:00+05:30,49.97365485131894,51.44486329667099,48.4549851490317,50.970279693603516,437121,0.0,0.0
2019-05-16 00:00:00+05:30,50.021112831123865,50.78044587709149,49.07194561846795,49.26177978515625,130644,0.0,0.0
2019-05-17 00:00:00+05:30,49.83128107796473,50.21094942973019,48.6922796434541,49.02449035644531,260780,0.0,0.0
2019-05-20 00:00:00+05:30,50.92282728479544,51.49232621862252,49.64144925250564,51.207576751708984,437790,0.0,0.0
2019-05-21 00:00:00+05:30,51.25503597892291,51.444870169668725,49.68890843125252,50.06857681274414,291507,0.0,0.0
2019-05-22 00:00:00+05:30,49.831285784321445,51.966912317935225,49.831285784321445,51.49232864379883,205170,0.0,0.0
2019-05-23 00:00:00+05:30,51.777074741652044,52.86861856917226,51.06519927695256,52.204200744628906,499065,0.0,0.0
2019-05-24 00:00:00+05:30,52.72624375505507,56.00087172409584,51.255035137308056,55.05170440673828,3245861,0.0,0.0
2019-05-27 00:00:00+05:30,53.96016149674543,54.7669559032241,51.87199625829718,53.53303909301758,1134327,0.0,0.0
2019-05-28 00:00:00+05:30,53.20082974609691,55.431375212147486,53.20082974609691,54.29237365722656,1307218,0.0,0.0
2019-05-29 00:00:00+05:30,54.29236703850791,54.86186593614837,53.72286452008177,54.33982467651367,262502,0.0,0.0
2019-05-30 00:00:00+05:30,54.62457713277603,54.62457713277603,53.627952196641644,53.96015930175781,334833,0.0,0.0
2019-05-31 00:00:00+05:30,53.34320426962417,53.81778793106071,51.919453285314546,52.29911804199219,533606,0.0,0.0
2019-06-03 00:00:00+05:30,51.72962405277576,52.678791466588166,51.30249799240292,52.34658432006836,379438,0.0,0.0
2019-06-04 00:00:00+05:30,52.91607385609499,54.434739998269535,52.34657495797595,52.963531494140625,589459,0.0,0.0
2019-06-06 00:00:00+05:30,52.82116092901614,52.82116092901614,51.53978292008555,52.204200744628906,314243,0.0,0.0
2019-06-07 00:00:00+05:30,52.204201341465975,53.15336863858354,51.25503404434841,52.061824798583984,405908,0.0,0.0
2019-06-10 00:00:00+05:30,52.678791466588166,53.15337517349436,51.68216640624241,52.34658432006836,352057,0.0,0.0
2019-06-11 00:00:00+05:30,52.67878641945581,53.15337008089235,50.97028596244147,52.29911804199219,4623478,0.0,0.0
2019-06-12 00:00:00+05:30,52.488955822626195,54.10254110608782,51.87199919301098,53.15337371826172,1600227,0.0,0.0
2019-06-13 00:00:00+05:30,53.43811879831269,54.29237082513902,52.20420202017484,53.817787170410156,1440310,0.0,0.0
2019-06-14 00:00:00+05:30,53.20082995952958,53.81779019364951,52.29912024073359,52.916080474853516,544533,0.0,0.0
2019-06-17 00:00:00+05:30,52.48895020635153,53.295744572149125,51.72961710149592,52.204200744628906,810663,0.0,0.0
2019-06-18 00:00:00+05:30,53.01099235224018,53.39066072123891,52.20420159410026,53.10591125488281,524357,0.0,0.0
2019-06-19 00:00:00+05:30,53.343205903711876,53.722870672019965,52.77370332007059,53.58049774169922,724977,0.0,0.0
2019-06-20 00:00:00+05:30,53.53304070439563,53.675413636328415,52.2991202362613,53.4381217956543,213365,0.0,0.0
2019-06-21 00:00:00+05:30,53.5330411017212,54.05508243092166,52.53641246686395,53.62795639038086,223206,0.0,0.0
2019-06-24 00:00:00+05:30,53.15336930494247,53.817787145411444,53.058454022355164,53.295745849609375,101230,0.0,0.0
2019-06-25 00:00:00+05:30,53.343205903711876,53.770331936246315,52.583872746309595,53.58049774169922,287262,0.0,0.0
2019-06-26 00:00:00+05:30,53.343206903615716,53.817790588486346,53.24828799416989,53.62795639038086,451566,0.0,0.0
2019-06-27 00:00:00+05:30,54.14999809447456,55.1940843808901,54.14999809447456,54.861873626708984,944630,0.0,0.0
2019-06-28 00:00:00+05:30,54.95678808698531,55.14661865024837,53.91270188510897,54.48220443725586,713985,0.0,0.0
2019-07-01 00:00:00+05:30,53.81779173131662,55.8584994471234,53.81779173131662,55.24154281616211,539036,0.0,0.0
2019-07-02 00:00:00+05:30,54.577122536374354,55.57374752809876,53.86524702503034,54.956790924072266,124806,0.0,0.0
2019-07-03 00:00:00+05:30,55.47882861210303,56.09578517576779,54.14999296287981,55.1466178894043,1073604,0.0,0.0
2019-07-04 00:00:00+05:30,55.14662149713513,55.62120517136447,54.19745414867645,54.956790924072266,235165,0.0,0.0
2019-07-05 00:00:00+05:30,54.67203620535411,54.86187039358655,53.438119413022264,54.197452545166016,523491,0.0,0.0
2019-07-08 00:00:00+05:30,54.10253636141073,54.10253636141073,51.25503444765227,52.25165939331055,492180,0.0,0.0
2019-07-09 00:00:00+05:30,52.204201752238426,52.394035937312836,51.25503444765227,52.25165939331055,134898,0.0,0.0
2019-07-10 00:00:00+05:30,51.72962263652256,53.29575027475013,51.349954233077625,53.15337371826172,649555,0.0,0.0
2019-07-11 00:00:00+05:30,53.01022445146348,54.25078704893935,52.48537146487222,53.77364730834961,183250,0.3,0.0
2019-07-12 00:00:00+05:30,53.58177675469359,54.013501751614335,53.00614586531389,53.77365493774414,188108,0.3,0.0
2019-07-15 00:00:00+05:30,53.77365493774414,54.15741130384523,52.81426768226334,53.77365493774414,259596,0.0,0.0
2019-07-16 00:00:00+05:30,53.677714111032195,54.06146679187393,52.81426417453781,53.62974548339844,425629,0.0,0.0
2019-07-17 00:00:00+05:30,53.485839050428,55.02085718258533,53.485839050428,54.205379486083984,559326,0.0,0.0
2019-07-18 00:00:00+05:30,53.82162127021625,54.87694940204255,53.72568401267375,54.73303985595703,407263,0.0,0.0
2019-07-19 00:00:00+05:30,54.73303985595703,55.64445844169782,53.82162127021625,54.73303985595703,2371088,0.0,0.0
2019-07-22 00:00:00+05:30,55.02085807067855,55.02085807067855,51.51909675649389,52.28660583496094,1648688,0.0,0.0
2019-07-23 00:00:00+05:30,52.52644812571202,52.6223853798412,50.895489187114585,51.66299819946289,796514,0.0,0.0
2019-07-24 00:00:00+05:30,51.18330193410804,52.430508131230205,51.18330193410804,51.85487365722656,380882,0.0,0.0
2019-07-25 00:00:00+05:30,51.47112012137951,52.28659770423424,50.99142656445993,51.51908874511719,474737,0.0,0.0
2019-07-26 00:00:00+05:30,51.1353358967123,52.04675444850215,50.84752047503436,51.806907653808594,947902,0.0,0.0
2019-07-29 00:00:00+05:30,51.806908744445906,51.95081828820028,50.60767474573188,50.79955291748047,484814,0.0,0.0
2019-07-30 00:00:00+05:30,50.79955524214175,51.80691111520525,49.16859619730128,49.84016799926758,1465919,0.0,0.0
2019-07-31 00:00:00+05:30,50.36782436370849,50.703608395557964,45.61885733460454,47.969356536865234,1702767,0.0,0.0
2019-08-01 00:00:00+05:30,47.10590488742291,48.92874183132186,47.10590488742291,48.49701690673828,190181,0.0,0.0
2019-08-02 00:00:00+05:30,47.77748058094939,48.7368677559073,47.29778699347044,48.35311508178711,425730,0.0,0.0
2019-08-05 00:00:00+05:30,48.353117829941674,48.83281144468406,46.578249259531724,46.962005615234375,367884,0.0,0.0
2019-08-06 00:00:00+05:30,46.29042846062788,48.78483350444226,46.29042846062788,48.544986724853516,172972,0.0,0.0
2019-08-07 00:00:00+05:30,48.54498994317436,48.880777652722706,44.85135075654409,45.52292251586914,798902,0.0,0.0
2019-08-08 00:00:00+05:30,46.4343430535185,46.4343430535185,44.515568607666864,46.05058670043945,592343,0.0,0.0
2019-08-09 00:00:00+05:30,45.570890458327575,47.82544883814672,45.37901229286451,47.44169616699219,607664,0.0,0.0
2019-08-13 00:00:00+05:30,47.44169890563626,47.537636164020114,45.81073989470799,46.05058670043945,564384,0.0,0.0
2019-08-14 00:00:00+05:30,46.53027832497088,46.53027832497088,45.187134806320785,45.52292251586914,608939,0.0,0.0
2019-08-16 00:00:00+05:30,45.09120415013159,45.61886644546592,43.65212316661675,45.18714141845703,603943,0.0,0.0
2019-08-19 00:00:00+05:30,45.283073823453,46.33839821549034,44.94728612797093,46.19449234008789,294615,0.0,0.0
2019-08-20 00:00:00+05:30,45.954650976714014,46.29043505204285,45.331047797078234,45.81074142456055,277692,0.0,0.0
2019-08-21 00:00:00+05:30,44.70744271563518,45.666829929788484,44.0358745935453,45.283077239990234,280195,0.0,0.0
2019-08-22 00:00:00+05:30,44.65947366682457,47.345757109232856,43.46023966041267,45.71480178833008,390749,0.0,0.0
2019-08-23 00:00:00+05:30,44.8033814084236,46.53027757620471,43.60414745027399,46.242462158203125,365288,0.0,0.0
2019-08-26 00:00:00+05:30,47.489667859496635,47.489667859496635,44.131812556299906,46.962005615234375,255217,0.0,0.0
2019-08-27 00:00:00+05:30,46.530277228337376,48.83280787467919,46.530277228337376,47.87342071533203,362562,0.0,0.0
2019-08-28 00:00:00+05:30,47.585603329113646,48.35311601165717,46.43434162484176,47.34575653076172,360486,0.0,0.0
2019-08-29 00:00:00+05:30,46.722157380614036,47.39372915269285,46.434341952515034,47.05794143676758,121790,0.0,0.0
2019-08-30 00:00:00+05:30,47.44170037202916,48.592965807079395,46.77012856326886,48.20920944213867,192923,0.0,0.0
2019-09-03 00:00:00+05:30,47.39373100639658,48.16124006460395,47.24982145683251,47.729515075683594,361861,0.0,0.0
2019-09-04 00:00:00+05:30,47.68154120853358,48.065293865600914,47.297784891694775,47.82544708251953,328437,0.0,0.0
2019-09-05 00:00:00+05:30,47.585604092798974,49.79219760086694,47.585604092798974,49.02468490600586,288993,0.0,0.0
2019-09-06 00:00:00+05:30,48.97671618699096,49.408441162109376,48.1612385249231,49.16859436035156,371311,0.0,0.0
2019-09-09 00:00:00+05:30,49.40843882354157,50.36782598516374,49.02468249498408,50.271888732910156,136499,0.0,0.0
2019-09-11 00:00:00+05:30,51.1353338509725,51.1353338509725,49.8881313004164,50.08000946044922,229314,0.0,0.0
2019-09-12 00:00:00+05:30,50.799550967927004,50.94345684638692,48.113267645854435,48.92874526977539,230125,0.0,0.0
2019-09-13 00:00:00+05:30,48.20920856332763,49.360473977391315,48.11327130372726,49.07265853881836,195742,0.0,0.0
2019-09-16 00:00:00+05:30,49.648284984084796,51.950815606675604,48.83280737096013,50.84751892089844,800011,0.0,0.0
2019-09-17 00:00:00+05:30,51.806908827550004,51.806908827550004,49.12062539807583,49.4564094543457,396722,0.0,0.0
2019-09-18 00:00:00+05:30,49.168595024253094,50.41579767827979,48.73687004330529,49.792198181152344,332923,0.0,0.0
2019-09-19 00:00:00+05:30,49.79219584422397,50.31985805849649,47.441696533622775,48.35311508178711,1504508,0.0,0.0
2019-09-20 00:00:00+05:30,48.97671660557014,50.223919253415616,47.29778897891651,49.93610382080078,919979,0.0,0.0
2019-09-23 00:00:00+05:30,50.847523705546635,55.16476628431946,50.847523705546635,54.63710403442383,1438731,0.0,0.0
2019-09-24 00:00:00+05:30,55.11679084923858,55.548515785766895,53.77364741554415,54.97288131713867,1094882,0.0,0.0
2019-09-25 00:00:00+05:30,53.917563430977125,55.0688288468964,51.37518578997923,52.38254165649414,457732,0.0,0.0
2019-09-26 00:00:00+05:30,51.80690622402074,53.965527316688274,51.423149899193454,51.9028434753418,184574,0.0,0.0
2019-09-27 00:00:00+05:30,51.90284340530537,52.76629330511588,50.36782542761061,50.703609466552734,290060,0.0,0.0
2019-09-30 00:00:00+05:30,50.89549435342598,51.32721936037419,49.21656661733897,50.511741638183594,627336,0.0,0.0
2019-10-01 00:00:00+05:30,51.75894099364773,51.75894099364773,49.552351130571594,49.93610382080078,235488,0.0,0.0
2019-10-03 00:00:00+05:30,49.93610185184753,50.3198581867172,48.2571742913931,49.40843963623047,287905,0.0,0.0
2019-10-04 00:00:00+05:30,49.74422034914341,50.4637606839513,49.02468001433552,50.17594528198242,133998,0.0,0.0
2019-10-07 00:00:00+05:30,49.888131539494275,50.175946951037055,47.77747908856137,48.592960357666016,177502,0.0,0.0
2019-10-09 00:00:00+05:30,48.44905010223388,48.92874366760254,47.10590665529307,47.969356536865234,528786,0.0,0.0
2019-10-10 00:00:00+05:30,48.44905308690825,48.44905308690825,47.393728641993185,47.633575439453125,269998,0.0,0.0
2019-10-11 00:00:00+05:30,47.68154120853358,48.3051406486823,47.297784891694775,47.82544708251953,490041,0.0,0.0
2019-10-14 00:00:00+05:30,48.640929469368764,48.8328076322399,47.057939200396355,48.01732635498047,477453,0.0,0.0
2019-10-15 00:00:00+05:30,48.305142009220994,48.305142009220994,47.009970808010955,47.87342071533203,509451,0.0,0.0
2019-10-16 00:00:00+05:30,47.969359491988364,48.16123766191066,47.393728641993185,47.633575439453125,555075,0.0,0.0
2019-10-17 00:00:00+05:30,47.489664151913516,48.353114054947845,47.39372690036373,48.01732635498047,427419,0.0,0.0
2019-10-18 00:00:00+05:30,47.969362143708565,52.718329727890094,47.82545259336868,49.84016799926758,688283,0.0,0.0
2019-10-22 00:00:00+05:30,48.928747940113595,55.64445844169782,48.928747940113595,54.73303985595703,2960916,0.0,0.0
2019-10-23 00:00:00+05:30,54.44522328048744,54.44522328048744,50.655643130772305,50.943458557128906,2266410,0.0,0.0
2019-10-24 00:00:00+05:30,51.3272124956239,52.23863101955657,50.31985672065475,50.84751892089844,932133,0.0,0.0
2019-10-25 00:00:00+05:30,50.84751892089844,51.56705928298663,50.127978558810256,50.84751892089844,477020,0.0,0.0
2019-10-27 00:00:00+05:30,52.04675092577445,52.33456632797191,50.8475170334755,51.51908874511719,149788,0.0,0.0
2019-10-29 00:00:00+05:30,51.75893750490833,56.98759820743909,51.087365767558886,53.389896392822266,2424167,0.0,0.0
2019-10-30 00:00:00+05:30,53.77365025721995,53.86959117028037,51.90284453991522,53.4378662109375,1411401,0.0,0.0
2019-10-31 00:00:00+05:30,53.53380322415664,54.445221765399594,52.19066338527847,53.58177185058594,797059,0.0,0.0
2019-11-01 00:00:00+05:30,54.30131765295309,54.4452272063942,53.245993126958204,53.3419303894043,499487,0.0,0.0
2019-11-04 00:00:00+05:30,54.01350049576665,54.589135031534425,51.950820140304714,52.67036056518555,737806,0.0,0.0
2019-11-05 00:00:00+05:30,52.814261988102174,53.91755867686211,52.670356111158405,53.24598693847656,553307,0.0,0.0
2019-11-06 00:00:00+05:30,53.24599064601394,55.88430549784346,52.86223429456638,54.589134216308594,541370,0.0,0.0
2019-11-07 00:00:00+05:30,54.541157484243364,55.88430094511613,54.25334207399106,55.16476058959961,748942,0.0,0.0
2019-11-08 00:00:00+05:30,54.73303484752633,55.64445334986637,54.253341284165415,54.68506622314453,459254,0.0,0.0
2019-11-11 00:00:00+05:30,53.29395970020859,54.781009169331675,53.29395970020859,54.15740966796875,317918,0.0,0.0
2019-11-13 00:00:00+05:30,53.773647835897876,54.44521955799483,51.47112092270017,51.998783111572266,1083403,0.0,0.0
2019-11-14 00:00:00+05:30,50.94345781417917,52.19066407648828,50.12798017476627,51.66299819946289,307306,0.0,0.0
2019-11-15 00:00:00+05:30,51.806908744445906,52.574417771668536,49.984071602491895,50.79955291748047,363702,0.0,0.0
2019-11-18 00:00:00+05:30,51.327213653022646,51.327213653022646,49.40843931085357,49.69625473022461,328083,0.0,0.0
2019-11-19 00:00:00+05:30,49.648290209295624,51.61503334070464,49.21656521465171,50.6076774597168,284113,0.0,0.0
2019-11-20 00:00:00+05:30,50.89548833148688,51.710969616962,50.17594795829968,51.327213287353516,260146,0.0,0.0
2019-11-21 00:00:00+05:30,51.80690646157384,52.76629361826965,51.13533471993245,51.75893783569336,305792,0.0,0.0
2019-11-22 00:00:00+05:30,52.28659939838971,52.52644618462086,51.37518087875706,52.33456802368164,215200,0.0,0.0
2019-11-25 00:00:00+05:30,52.334565940287085,52.958169023571564,51.567056986855604,51.95081329345703,311485,0.0,0.0
2019-11-26 00:00:00+05:30,51.998788551611646,53.62974757311246,50.511739078391315,51.61503219604492,668304,0.0,0.0
2019-11-27 00:00:00+05:30,51.75894055129029,54.205377197265626,51.327215576171874,51.56706237792969,968567,0.0,0.0
2019-11-28 00:00:00+05:30,51.03940235668366,51.95082097479392,50.607677362865964,50.7515869140625,351371,0.0,0.0
2019-11-29 00:00:00+05:30,50.9914311792304,51.51909340764157,50.36782803488974,50.655643463134766,172744,0.0,0.0
2019-12-02 00:00:00+05:30,50.75157974569157,50.94345424048989,49.98406712741271,50.17594528198242,148049,0.0,0.0
2019-12-03 00:00:00+05:30,50.22392186967186,50.75158779335323,48.544994155559806,48.83281326293945,286906,0.0,0.0
2019-12-04 00:00:00+05:30,48.976714674445,49.744223684412695,48.2571742913931,49.40843963623047,198001,0.0,0.0
2019-12-05 00:00:00+05:30,49.02468028403101,49.40843659528157,48.353112228999656,48.544986724853516,340817,0.0,0.0
2019-12-06 00:00:00+05:30,48.832809608361025,49.024684119225206,47.05794110469375,47.34575653076172,218362,0.0,0.0
2019-12-09 00:00:00+05:30,48.44905204771482,48.44905204771482,46.91403404080478,47.297786712646484,325468,0.0,0.0
2019-12-10 00:00:00+05:30,47.34575941022889,47.72951577483989,46.91403807475642,47.15388488769531,163592,0.0,0.0
2019-12-11 00:00:00+05:30,47.153877714970164,47.92138666767203,46.338396479160195,46.578243255615234,190556,0.0,0.0
2019-12-12 00:00:00+05:30,46.626218288417334,47.96936188510914,46.626218288417334,47.729515075683594,160503,0.0,0.0
2019-12-13 00:00:00+05:30,47.969357729205576,48.353114054947845,47.489664151913516,48.01732635498047,190222,0.0,0.0
2019-12-16 00:00:00+05:30,48.305143724169426,48.40108463937322,46.81809430634182,47.34575653076172,333612,0.0,0.0
2019-12-17 00:00:00+05:30,47.24981800152912,48.16123654264999,46.81809304418012,47.44169616699219,697734,0.0,0.0
2019-12-18 00:00:00+05:30,47.39372915269285,47.87342275278176,46.818094636723124,47.05794143676758,593666,0.0,0.0
2019-12-19 00:00:00+05:30,47.48966449756214,47.48966449756214,46.2904305456035,46.38636779785156,1416027,0.0,0.0
2019-12-20 00:00:00+05:30,46.38637221490392,47.10591265459595,45.28307906990597,45.95465087890625,397516,0.0,0.0
2019-12-23 00:00:00+05:30,46.050582967077204,46.43433928904479,45.57088939450349,45.906673431396484,217500,0.0,0.0
2019-12-24 00:00:00+05:30,45.90667715309185,46.962005294173345,45.379014912437015,46.05058670043945,258521,0.0,0.0
2019-12-26 00:00:00+05:30,46.24246642124901,46.43434460419632,45.42698505866592,45.81074142456055,232980,0.0,0.0
2019-12-27 00:00:00+05:30,45.95465107513822,46.43434470364792,45.47495744662852,45.666831970214844,409234,0.0,0.0
2019-12-30 00:00:00+05:30,46.242462158203125,46.72215574146296,45.71479994857162,46.242462158203125,210084,0.0,0.0
2019-12-31 00:00:00+05:30,46.53028031190236,46.53028031190236,45.85870852389992,46.05058670043945,185312,0.0,0.0
2020-01-01 00:00:00+05:30,46.19449133150679,48.35311235335717,46.19449133150679,47.201847076416016,387963,0.0,0.0
2020-01-02 00:00:00+05:30,47.44169744596551,47.96935967038541,47.10590973240979,47.34575653076172,360953,0.0,0.0
2020-01-03 00:00:00+05:30,47.68154112959834,50.17594620560674,47.20184756422968,47.969356536865234,751530,0.0,0.0
2020-01-06 00:00:00+05:30,48.16123773114982,48.209206358756425,46.14652243372683,46.29043197631836,243048,0.0,0.0
2020-01-07 00:00:00+05:30,46.050587015269464,47.82545192590757,46.050587015269464,46.962005615234375,1396265,0.0,0.0
2020-01-08 00:00:00+05:30,46.146520606968615,49.88813196851593,46.146520606968615,46.818092346191406,632335,0.0,0.0
2020-01-09 00:00:00+05:30,47.297784891694775,48.78483421484507,47.24981626703279,47.82544708251953,809043,0.0,0.0
2020-01-10 00:00:00+05:30,47.96935643905248,48.25717184573251,46.530275745880914,46.77012252807617,2294488,0.0,0.0
2020-01-13 00:00:00+05:30,46.818089726585626,47.87341773196471,46.43433708262434,46.866058349609375,372857,0.0,0.0
2020-01-14 00:00:00+05:30,46.96200493774477,47.77748260713374,46.4823113299226,47.537635803222656,365275,0.0,0.0
2020-01-15 00:00:00+05:30,47.10591006482212,47.4416977807474,46.770126008668576,47.05794143676758,368868,0.0,0.0
2020-01-16 00:00:00+05:30,47.249816188812254,49.7921935491747,47.15387893964711,47.969356536865234,1348130,0.0,0.0
2020-01-17 00:00:00+05:30,48.20920633086116,50.70361156267863,47.68154410795035,50.03204345703125,6037298,0.0,0.0
2020-01-20 00:00:00+05:30,50.36782686512433,50.51173640579049,47.77748075153504,48.0652961730957,1020449,0.0,0.0
2020-01-21 00:00:00+05:30,47.77747845785755,48.64092834085912,47.58560029943814,47.82544708251953,582239,0.0,0.0
2020-01-22 00:00:00+05:30,48.30514595439615,48.5449927638217,47.39373100639658,47.729515075683594,657024,0.0,0.0
2020-01-23 00:00:00+05:30,47.92139104266936,48.305143724169426,46.770125678625774,47.34575653076172,448620,0.0,0.0
2020-01-24 00:00:00+05:30,47.34575676384425,47.63357585110085,45.66682916711542,46.00261688232422,1386788,0.0,0.0
2020-01-27 00:00:00+05:30,45.81074058160128,46.242465570345615,45.23510970312341,45.47495651245117,531816,0.0,0.0
2020-01-28 00:00:00+05:30,45.4749566495087,45.90667797978233,43.74805668932664,44.131813049316406,672315,0.0,0.0
2020-01-29 00:00:00+05:30,44.515568743478525,45.09119961508147,43.22039379271415,43.508209228515625,707383,0.0,0.0
2020-01-30 00:00:00+05:30,43.652115525870485,43.700084151636915,41.013800851229966,41.733341217041016,1812125,0.0,0.0
2020-01-31 00:00:00+05:30,42.06912566776949,42.21303520624487,40.77395446057743,41.30161666870117,671561,0.0,0.0
2020-02-03 00:00:00+05:30,40.534110269146765,41.39756023583022,39.81456985016783,40.05441665649414,351555,0.0,0.0
2020-02-04 00:00:00+05:30,40.294264117033464,41.49349816813565,40.294264117033464,40.67802047729492,1037724,0.0,0.0
2020-02-05 00:00:00+05:30,41.06177239585152,42.69273140624677,40.53411015536912,41.397560119628906,862950,0.0,0.0
2020-02-06 00:00:00+05:30,41.49349602943991,42.06912688039051,41.01380243372384,41.349586486816406,409460,0.0,0.0
2020-02-07 00:00:00+05:30,41.349588536860985,43.60415074436701,39.81457041837457,43.07648849487305,43233191,0.0,0.0
2020-02-10 00:00:00+05:30,43.60414771536109,43.60414771536109,41.87725153708148,42.213035583496094,5946918,0.0,0.0
2020-02-11 00:00:00+05:30,42.59678969226144,43.60414543868036,42.06912384720118,43.172420501708984,4172173,0.0,0.0
2020-02-12 00:00:00+05:30,43.17242553871931,43.46024097702306,41.01380426178334,42.02116012573242,7572451,0.0,0.0
2020-02-13 00:00:00+05:30,42.40491662110153,45.95465013110668,41.92522300244602,45.47495651245117,8877850,0.0,0.0
2020-02-14 00:00:00+05:30,45.37900994288821,46.530275216276124,44.41962282502684,44.65946960449219,3033430,0.0,0.0
2020-02-17 00:00:00+05:30,44.94728874558072,45.76277005943876,43.17242389385322,43.604148864746094,1773193,0.0,0.0
2020-02-18 00:00:00+05:30,43.55617997488821,43.89196402813466,41.58943330373367,42.54882049560547,1439825,0.0,0.0
2020-02-19 00:00:00+05:30,43.02851435029835,44.51556743445956,42.64476166710491,43.604148864746094,1519470,0.0,0.0
2020-02-20 00:00:00+05:30,43.604148954250654,44.61150478188731,43.26836123852395,43.46023941040039,829756,0.0,0.0
2020-02-24 00:00:00+05:30,43.07648637895232,43.93993265577391,41.92522101675182,42.54882049560547,1085897,0.0,0.0
2020-02-25 00:00:00+05:30,42.78866709252731,43.076486176553864,41.49349585349454,41.63740539550781,701467,0.0,0.0
2020-02-26 00:00:00+05:30,41.25364416168983,41.92521584511344,40.91786014986364,41.44552230834961,1328888,0.0,0.0
2020-02-27 00:00:00+05:30,41.25365204328657,42.980548373609295,40.582080231557754,42.35694885253906,8278375,0.0,0.0
2020-02-28 00:00:00+05:30,40.29426390519526,41.44552932015521,38.61533624247879,39.6226921081543,2085714,0.0,0.0
2020-03-02 00:00:00+05:30,40.39019985995706,41.44552798114677,39.3348753985391,39.718631744384766,1343878,0.0,0.0
2020-03-03 00:00:00+05:30,39.81456703767054,40.821922821127174,37.176252354451414,37.84782409667969,3956125,0.0,0.0
2020-03-04 00:00:00+05:30,38.279550590055955,39.0950282428697,36.64859162465674,37.60797882080078,2928488,0.0,0.0
2020-03-05 00:00:00+05:30,37.655945542570834,38.08767049093678,36.456711608094054,36.936405181884766,1417983,0.0,0.0
2020-03-06 00:00:00+05:30,35.59326842828922,35.83311526044689,34.537943830704364,35.40139389038086,939473,0.0,0.0
2020-03-09 00:00:00+05:30,35.113568326535486,35.59326190290767,32.475253656488455,32.906978607177734,1883440,0.0,0.0
2020-03-11 00:00:00+05:30,33.146825075951206,35.40138705903779,31.851653896135574,33.194793701171875,952203,0.0,0.0
2020-03-12 00:00:00+05:30,32.04353508883027,32.09150371858985,26.575027121485096,26.862842559814453,2665245,0.0,0.0
2020-03-13 00:00:00+05:30,24.17655747522936,32.235407527124735,21.490272294711758,31.65977668762207,4119681,0.0,0.0
2020-03-16 00:00:00+05:30,29.597096952626586,30.028820116088603,26.766903840425343,27.102689743041992,1191577,0.0,0.0
2020-03-17 00:00:00+05:30,27.500525009273023,32.52322608286038,27.15241671355309,30.931875228881836,2651270,1.0,0.0
2020-03-18 00:00:00+05:30,31.72755171461137,33.219444775944645,25.411878739685953,26.953500747680664,1667734,0.0,0.0
2020-03-19 00:00:00+05:30,26.953500245063854,27.749174759035682,23.621609660861164,26.30701446533203,1033193,0.0,0.0
2020-03-20 00:00:00+05:30,27.798908038377512,27.798908038377512,25.014043201307768,25.411880493164062,1093332,0.0,0.0
2020-03-23 00:00:00+05:30,24.36755404231982,24.36755404231982,20.339448928833008,20.339448928833008,1229148,0.0,0.0
2020-03-24 00:00:00+05:30,21.383770473027145,21.383770473027145,18.350259606598744,20.289716720581055,1096451,0.0,0.0
2020-03-25 00:00:00+05:30,20.637826622446717,22.278906432293997,19.84215213798671,21.532960891723633,1301680,0.0,0.0
2020-03-26 00:00:00+05:30,21.334042120820364,22.87566206648593,20.239988338233097,20.588096618652344,2432548,0.0,0.0
2020-03-27 00:00:00+05:30,21.383772520509805,21.73188082466982,18.947016288427353,19.593503952026367,1914430,0.0,0.0
2020-03-30 00:00:00+05:30,19.24539657144637,21.532962285070003,18.549179929715145,21.23458480834961,2116350,0.0,0.0
2020-03-31 00:00:00+05:30,22.47782857339304,22.47782857339304,20.389180441447003,21.483234405517578,1200039,0.0,0.0
2020-04-01 00:00:00+05:30,21.38377162173683,22.03025736112601,20.090800142958464,20.538366317749023,1045971,0.0,0.0
2020-04-03 00:00:00+05:30,21.881068638392858,21.881068638392858,20.687555044756404,20.886474609375,734342,0.0,0.0
2020-04-07 00:00:00+05:30,21.88106918334961,22.378366210243918,21.085394699133758,21.88106918334961,1617886,0.0,0.0
2020-04-08 00:00:00+05:30,21.930797837538034,24.069176542567607,21.930797837538034,23.47241973876953,993746,0.0,0.0
2020-04-09 00:00:00+05:30,23.571882744479506,24.815125465242396,23.571882744479506,23.87026023864746,718180,0.0,0.0
2020-04-13 00:00:00+05:30,23.870258978802195,24.665933519280504,22.52755653183702,22.77620506286621,877518,0.0,0.0
2020-04-15 00:00:00+05:30,23.77079803181601,24.56647443066533,22.7762039560326,23.223772048950195,1570741,0.0,0.0
2020-04-16 00:00:00+05:30,23.323231484722204,25.511337280273438,23.223771699234053,25.511337280273438,1217739,0.0,0.0
2020-04-17 00:00:00+05:30,26.85403852654752,28.04755210876465,25.859444507045758,28.04755210876465,1688580,0.0,0.0
2020-04-20 00:00:00+05:30,29.29079465453645,30.832414627075195,28.047552129251162,30.832414627075195,1575464,0.0,0.0
2020-04-21 00:00:00+05:30,30.036741836471542,30.036741836471542,29.290796279907227,29.290796279907227,451524,0.0,0.0
2020-04-22 00:00:00+05:30,27.848634719848633,28.843228816986084,27.848634719848633,27.848634719848633,1089612,0.0,0.0
2020-04-23 00:00:00+05:30,26.854042657636445,28.345933916394028,26.456205368041992,26.456205368041992,1054684,0.0,0.0
2020-04-24 00:00:00+05:30,26.605393152814212,26.605393152814212,25.163230895996094,25.163230895996094,706235,0.0,0.0
2020-04-27 00:00:00+05:30,25.16323050825496,26.40647315979004,24.168636387026893,26.40647315979004,740550,0.0,0.0
2020-04-28 00:00:00+05:30,27.052961424535926,27.699447237507727,25.561070211352792,26.35674476623535,610647,0.0,0.0
2020-04-29 00:00:00+05:30,26.754581220183187,26.754581220183187,26.05836648034955,26.25728416442871,559881,0.0,0.0
2020-04-30 00:00:00+05:30,26.854042136015863,27.251879417882613,26.058367572282364,26.157825469970703,621259,0.0,0.0
2020-05-04 00:00:00+05:30,25.561069545436187,25.80971807448892,24.864852905273438,24.864852905273438,1719309,0.0,0.0
2020-05-05 00:00:00+05:30,24.11890878280004,25.26269170649433,23.621611694494884,23.87026023864746,788835,0.0,0.0
2020-05-06 00:00:00+05:30,24.069179832784663,24.16863773281542,23.372963150342308,23.87026023864746,464535,0.0,0.0
2020-05-07 00:00:00+05:30,23.77079994083385,24.765394096492486,23.372962657977954,23.571882247924805,464901,0.0,0.0
2020-05-08 00:00:00+05:30,23.870259140612035,24.56647579102832,23.870259140612035,23.96971893310547,927267,0.0,0.0
2020-05-11 00:00:00+05:30,24.516746074036597,24.715665668173795,23.671340644510263,23.87026023864746,377139,0.0,0.0
2020-05-12 00:00:00+05:30,23.870257495938162,24.76539177262832,23.67133792465696,24.46701431274414,315408,0.0,0.0
2020-05-13 00:00:00+05:30,25.6605281829834,25.6605281829834,25.362150698289224,25.6605281829834,459489,0.0,0.0
2020-05-14 00:00:00+05:30,26.15782385383056,26.35674343099275,25.063771870551573,25.958906173706055,454808,0.0,0.0
2020-05-15 00:00:00+05:30,26.307015454658075,27.25187873840332,25.660527753576158,27.25187873840332,664703,0.0,0.0
2020-05-18 00:00:00+05:30,28.047555607124,28.147013503849482,25.909176680846112,26.008636474609375,594456,0.0,0.0
2020-05-19 00:00:00+05:30,26.55566379560444,27.052960856218473,25.561069674376373,26.40647315979004,514611,0.0,0.0
2020-05-20 00:00:00+05:30,26.555663483276057,27.052960538041244,26.356743902554896,26.953500747680664,257249,0.0,0.0
2020-05-21 00:00:00+05:30,27.251877117764057,27.55025647675859,26.903768814122586,27.052959442138672,253944,0.0,0.0
2020-05-22 00:00:00+05:30,27.05295862218439,27.599984584871315,26.854039055550466,27.301607131958008,378394,0.0,0.0
2020-05-26 00:00:00+05:30,27.401064467653157,27.79890359292701,27.102687020735306,27.351335525512695,397422,0.0,0.0
2020-05-27 00:00:00+05:30,27.40106474263096,28.345929829082053,27.40106474263096,28.196741104125977,477926,0.0,0.0
2020-05-28 00:00:00+05:30,29.539443969726562,29.5891729132868,28.495119081623294,29.539443969726562,790592,0.0,0.0
2020-05-29 00:00:00+05:30,29.58917418293684,30.981605529785156,29.58917418293684,30.981605529785156,794563,0.0,0.0
2020-06-01 00:00:00+05:30,32.27458295323196,32.523231506347656,32.22485400142399,32.523231506347656,374828,0.0,0.0
2020-06-02 00:00:00+05:30,34.11457443237305,34.11457443237305,33.81619698251879,34.11457443237305,228653,0.0,0.0
2020-06-03 00:00:00+05:30,35.80538558959961,35.80538558959961,33.468091103464154,35.80538558959961,1660919,0.0,0.0
2020-06-04 00:00:00+05:30,36.40214111523597,36.45187385354653,34.01511764526367,34.01511764526367,1161097,0.0,0.0
2020-06-05 00:00:00+05:30,33.816195413203864,35.308086387315804,32.423762319736085,34.95998001098633,1088430,0.0,0.0
2020-06-08 00:00:00+05:30,34.95998221121177,35.705927745214225,33.51782008665865,33.716739654541016,724472,0.0,0.0
2020-06-09 00:00:00+05:30,34.26376855127286,34.36322644668317,32.075660705566406,32.075660705566406,671032,0.0,0.0
2020-06-10 00:00:00+05:30,32.075658503408164,32.97079467694733,30.882144870047696,32.622684478759766,412636,0.0,0.0
2020-06-11 00:00:00+05:30,33.66700306148505,34.06484215168942,33.31889670311228,33.36862564086914,568434,0.0,0.0
2020-06-12 00:00:00+05:30,31.87673734273727,33.418357303342106,31.727548620265438,33.11997985839844,500819,0.0,0.0
2020-06-15 00:00:00+05:30,34.51241411785145,34.51241411785145,33.16970988075218,34.06484603881836,519831,0.0,0.0
2020-06-16 00:00:00+05:30,34.313494550050606,34.95998219688453,33.318900505121604,34.06484603881836,521238,0.0,0.0
2020-06-17 00:00:00+05:30,33.31890104374354,34.761063191019126,33.31890104374354,34.01511764526367,511101,0.0,0.0
2020-06-18 00:00:00+05:30,34.114576091366764,34.71133481417081,33.51782116263802,33.617279052734375,408631,0.0,0.0
2020-06-19 00:00:00+05:30,33.716739101335406,34.164303379133344,32.821602957589285,33.07025146484375,698720,0.0,0.0
2020-06-22 00:00:00+05:30,33.61727848553827,34.711334228515625,33.169710399505504,34.711334228515625,698218,0.0,0.0
2020-06-23 00:00:00+05:30,36.00430244509885,36.402137756347656,35.308085907819816,36.402137756347656,1048320,0.0,0.0
2020-06-24 00:00:00+05:30,37.29727381980816,37.695112924849404,35.308085882751726,35.70592498779297,1933835,0.0,0.0
2020-06-25 00:00:00+05:30,35.55673653738839,35.85511398727872,34.562142508370535,34.810791015625,1059781,0.0,0.0
2020-06-26 00:00:00+05:30,35.25835802677853,36.30268096701464,34.661599350875754,35.95457458496094,842542,0.0,0.0
2020-06-29 00:00:00+05:30,35.5567391153808,37.74484689668085,34.16430585616929,37.69511795043945,4433990,0.0,0.0
2020-06-30 00:00:00+05:30,38.78916712302512,38.938357744974496,35.95457565858795,36.899436950683594,2845796,0.0,0.0
2020-07-01 00:00:00+05:30,36.79997907793533,37.098356527860325,35.308088034235254,35.50700759887695,708167,0.0,0.0
2020-07-02 00:00:00+05:30,35.50700540158601,36.203221937710225,35.05943735735795,35.35781478881836,488725,0.0,0.0
2020-07-03 00:00:00+05:30,35.35781478881836,36.05403132494257,35.308085849254105,35.35781478881836,425492,0.0,0.0
2020-07-06 00:00:00+05:30,35.45727756266261,36.849706884058996,35.357815886371796,35.60646438598633,1160509,0.0,0.0
2020-07-07 00:00:00+05:30,35.805382833046416,35.904840712174924,35.2086279701256,35.35781478881836,342722,0.0,0.0
2020-07-08 00:00:00+05:30,35.10917123342511,35.65619723369592,34.412954599409794,34.5621452331543,560612,0.0,0.0
2020-07-09 00:00:00+05:30,34.711333134593104,34.711333134593104,33.46809059816892,33.7664680480957,904361,0.0,0.0
2020-07-10 00:00:00+05:30,33.766472598133035,33.766472598133035,32.12539071128703,32.324310302734375,1371132,0.0,0.0
2020-07-13 00:00:00+05:30,33.26917333108114,33.71674143391773,31.08106555704976,31.47890281677246,1193937,0.0,0.0
2020-07-14 00:00:00+05:30,31.27998434889259,31.37944223854412,30.83241625731013,31.031335830688477,312673,0.0,0.0
2020-07-15 00:00:00+05:30,31.081068606777045,32.572959899902344,31.081068606777045,32.572959899902344,526426,0.0,0.0
2020-07-16 00:00:00+05:30,32.57295695680909,32.77187653673445,31.031336852019464,31.9762020111084,629098,0.0,0.0
2020-07-17 00:00:00+05:30,32.423764382790246,32.423764382790246,31.379441393278864,31.628089904785156,734332,0.0,0.0
2020-07-20 00:00:00+05:30,31.827010866195437,32.27457896531638,31.130794244682342,31.329713821411133,695439,0.0,0.0
2020-07-21 00:00:00+05:30,31.727549703199777,32.02592905536535,31.13079289590623,31.279983520507812,638597,0.0,0.0
2020-07-22 00:00:00+05:30,31.32971715563126,32.82160844875656,31.32971715563126,32.572959899902344,776811,0.0,0.0
2020-07-23 00:00:00+05:30,32.921060309786625,34.164302825927734,32.921060309786625,34.164302825927734,720939,0.0,0.0
2020-07-24 00:00:00+05:30,35.8551139831543,35.8551139831543,34.8107910116207,35.8551139831543,3315709,0.0,0.0
2020-07-27 00:00:00+05:30,37.645384132543214,37.645384132543214,35.85511556057063,37.446468353271484,3795478,0.0,0.0
2020-07-28 00:00:00+05:30,38.441060739170226,39.18700626093362,36.799979073660715,38.2918701171875,7484175,0.0,0.0
2020-07-29 00:00:00+05:30,39.48538258136674,39.48538258136674,37.993491580514664,38.391326904296875,4167116,0.0,0.0
2020-07-30 00:00:00+05:30,38.192417265926814,38.68971434598276,36.99890351497742,37.14809036254883,595766,0.0,0.0
2020-07-31 00:00:00+05:30,37.347005034756336,38.98808670043945,37.048627584834435,38.98808670043945,1058747,0.0,0.0
2020-08-03 00:00:00+05:30,40.927547454833984,40.927547454833984,40.032411275150814,40.927547454833984,1251148,0.0,0.0
2020-08-04 00:00:00+05:30,42.966468811035156,42.966468811035156,42.966468811035156,42.966468811035156,266277,0.0,0.0
2020-08-05 00:00:00+05:30,45.10483826814282,45.10483826814282,42.27024676726236,43.46376037597656,7506658,0.0,0.0
2020-08-06 00:00:00+05:30,44.06051693468871,45.35348847839182,42.7675453909856,43.662681579589844,3587078,0.0,0.0
2020-08-07 00:00:00+05:30,42.36970737679829,44.259437694884184,42.27024948387815,42.518898010253906,930799,0.0,0.0
2020-08-10 00:00:00+05:30,43.76214047646548,44.6075439453125,42.867004267271255,44.6075439453125,2508341,0.0,0.0
2020-08-11 00:00:00+05:30,46.795650482177734,46.795650482177734,45.850785351865476,46.795650482177734,1998566,0.0,0.0
2020-08-12 00:00:00+05:30,47.64105498717431,49.1329460144043,46.84537673739158,49.1329460144043,1426621,0.0,0.0
2020-08-13 00:00:00+05:30,50.674568805483666,51.56970119522106,48.33727045622846,48.884300231933594,2354695,0.0,0.0
2020-08-14 00:00:00+05:30,48.3870033044931,49.23240675127888,46.44754409790039,46.44754409790039,814079,0.0,0.0
2020-08-17 00:00:00+05:30,46.79565155483111,48.23781375583082,45.7513285106849,47.0443000793457,628560,0.0,0.0
2020-08-18 00:00:00+05:30,47.641059721534006,49.38159942626953,46.34808433418439,49.38159942626953,774986,0.0,0.0
2020-08-19 00:00:00+05:30,51.42051431120665,51.42051431120665,48.88430018494243,49.58051300048828,1484184,0.0,0.0
2020-08-20 00:00:00+05:30,49.53078187795018,51.12213460055639,48.436729963844456,49.083213806152344,709486,0.0,0.0
2020-08-21 00:00:00+05:30,49.381597805331346,50.27673020479614,48.53619055719338,48.83456802368164,593827,0.0,0.0
2020-08-24 00:00:00+05:30,49.53078524557699,50.3761925040249,47.64105873872212,48.088623046875,922110,0.0,0.0
2020-08-25 00:00:00+05:30,48.735112806874305,49.58051630732252,47.64106077169714,49.28213882446289,703601,0.0,0.0
2020-08-26 00:00:00+05:30,49.481054507769066,51.71889114379883,49.481054507769066,51.71889114379883,1169691,0.0,0.0
2020-08-27 00:00:00+05:30,54.30483627319336,54.30483627319336,54.30483627319336,54.30483627319336,257491,0.0,0.0
2020-08-28 00:00:00+05:30,56.990238189697266,56.990238189697266,55.84645731098027,56.990238189697266,5242538,0.0,0.0
2020-08-31 00:00:00+05:30,57.43781095999991,58.33294719388985,54.1556510925293,54.1556510925293,1981157,0.0,0.0
2020-09-01 00:00:00+05:30,51.519975803109084,56.44321756542853,51.47024685481809,52.7134895324707,1005989,0.0,0.0
2020-09-02 00:00:00+05:30,52.71348354580248,55.349159240722656,50.82375337275687,55.349159240722656,578025,0.0,0.0
2020-09-03 00:00:00+05:30,57.23888667799729,58.08429389486449,56.19456368687918,58.03456115722656,2227591,0.0,0.0
2020-09-04 00:00:00+05:30,56.4929417273544,57.58699746744015,55.448618725421596,56.244293212890625,1327868,0.0,0.0
2020-09-07 00:00:00+05:30,56.194564237493374,57.78591321154451,55.29942806829259,57.63672637939453,891470,0.0,0.0
2020-09-08 00:00:00+05:30,57.63672964078257,58.63132375436268,56.39348699880743,57.686458587646484,1470752,0.0,0.0
2020-09-09 00:00:00+05:30,56.74158914469074,56.89077976811442,54.802130010558685,55.995643615722656,1178438,0.0,0.0
2020-09-10 00:00:00+05:30,56.443212767355305,57.38807788086617,54.205376137812586,56.94050979614258,1250086,0.0,0.0
2020-09-11 00:00:00+05:30,56.492939014359024,57.43780408276057,55.24969650174516,56.84104919433594,1248052,0.0,0.0
2020-09-14 00:00:00+05:30,57.13942878800248,59.67564285032631,56.741589651370234,59.078887939453125,1912262,0.0,0.0
2020-09-15 00:00:00+05:30,59.57618279966956,62.01293509230595,58.28320754960732,61.71455764770508,1890905,0.0,0.0
2020-09-16 00:00:00+05:30,62.41077869807526,63.15672426020365,59.77510286092482,60.27239990234375,1681951,0.0,0.0
2020-09-17 00:00:00+05:30,59.67564228371256,60.1729393027435,58.43239973613522,59.476722717285156,916405,0.0,0.0
2020-09-18 00:00:00+05:30,59.62591602494434,61.31672672458375,58.5318602573775,60.27239990234375,845273,0.0,0.0
2020-09-21 00:00:00+05:30,61.06807548361738,63.057263560685364,57.288615101928066,57.38807678222656,2082298,0.0,0.0
2020-09-22 00:00:00+05:30,57.38807622469891,57.83564429650609,54.55348096597014,56.045372009277344,1011796,0.0,0.0
2020-09-23 00:00:00+05:30,56.54267062472595,58.830239991163246,56.54267062472595,58.332942962646484,1048510,0.0,0.0
2020-09-24 00:00:00+05:30,58.33294240382405,60.172939874079034,57.08969984444225,59.078887939453125,1525605,0.0,0.0
2020-09-25 00:00:00+05:30,59.42699635930423,62.012939453125,59.42699635930423,62.012939453125,1990420,0.0,0.0
2020-09-28 00:00:00+05:30,63.05727033181127,65.09618377685547,62.709160104499,65.09618377685547,1985863,0.0,0.0
2020-09-29 00:00:00+05:30,68.32861319925514,68.32861319925514,63.156726796095136,63.50483322143555,2308086,0.0,0.0
2020-09-30 00:00:00+05:30,63.15671567774531,66.6377944946289,61.515634146441684,66.6377944946289,2222389,0.0,0.0
2020-10-01 00:00:00+05:30,67.53293294576358,69.96968516821978,66.73725472431059,69.91996002197266,4237051,0.0,0.0
2020-10-05 00:00:00+05:30,72.50591055581577,73.40104675292969,70.86482879246539,73.40104675292969,4664481,0.0,0.0
2020-10-06 00:00:00+05:30,74.5945510635156,74.84319956706065,70.71563289058277,72.50590515136719,2112884,0.0,0.0
2020-10-07 00:00:00+05:30,71.71023362799357,73.30158268224965,68.92537468008315,69.1242904663086,1929905,0.0,0.0
2020-10-08 00:00:00+05:30,70.01942337569145,71.71023024325376,69.12428720362591,69.42266845703125,1463407,0.0,0.0
2020-10-09 00:00:00+05:30,69.12428393073407,70.86482345416981,67.63239291064627,69.37293243408203,1119598,0.0,0.0
2020-10-12 00:00:00+05:30,69.87022380601658,69.87022380601658,66.68752625509484,67.78157806396484,587308,0.0,0.0
2020-10-13 00:00:00+05:30,68.37834171169634,68.37834171169634,66.041047185363,66.98590850830078,608019,0.0,0.0
2020-10-14 00:00:00+05:30,66.98590958615256,67.63239725400479,65.64320909947523,67.23455810546875,640765,0.0,0.0
2020-10-15 00:00:00+05:30,67.28428114707957,70.11887234111163,66.83670932392744,68.47779083251953,977427,0.0,0.0
2020-10-16 00:00:00+05:30,70.06914959729694,70.61617937418822,67.68212988615473,69.32320404052734,652388,0.0,0.0
2020-10-19 00:00:00+05:30,71.11346969021005,71.11346969021005,68.12968774516628,68.52752685546875,535535,0.0,0.0
2020-10-20 00:00:00+05:30,69.22374400942854,69.91996439376906,67.73185294203505,68.12969207763672,562728,0.0,0.0
2020-10-21 00:00:00+05:30,68.92537135514976,71.51131439208984,68.22915096064443,71.51131439208984,1337162,0.0,0.0
2020-10-22 00:00:00+05:30,72.6053651850481,75.04211755668341,71.5113132546843,74.74374389648438,2380776,0.0,0.0
2020-10-23 00:00:00+05:30,75.53941348506818,76.58374025102407,73.45076754130667,75.88752746582031,1755275,0.0,0.0
2020-10-26 00:00:00+05:30,75.88752634374973,77.57833313318736,73.5004991912524,74.24644470214844,1606969,0.0,0.0
2020-10-27 00:00:00+05:30,73.59996135932913,75.34050098607003,72.95347369462382,74.5448226928711,1588138,0.0,0.0
2020-10-28 00:00:00+05:30,73.5502243422512,76.08644211466682,73.5502243422512,73.8983383178711,687223,0.0,0.0
2020-10-29 00:00:00+05:30,73.55023308671524,73.69942372426831,72.2075325250396,73.10266876220703,681749,0.0,0.0
2020-10-30 00:00:00+05:30,72.6053618315528,72.6053618315528,69.4723892211914,69.4723892211914,1213009,0.0,0.0
2020-11-02 00:00:00+05:30,69.47239140926727,70.01942116048718,66.04104504441575,66.1405029296875,1085630,0.0,0.0
2020-11-03 00:00:00+05:30,65.64320378870744,69.37293127670218,63.35563835488566,67.03563690185547,995258,0.0,0.0
2020-11-04 00:00:00+05:30,67.63239722885109,69.42266960252209,66.83671893207494,67.5826644897461,432646,0.0,0.0
2020-11-05 00:00:00+05:30,67.83130864800543,70.56644218362098,67.83130864800543,67.98049926757812,567835,0.0,0.0
2020-11-06 00:00:00+05:30,67.68213583837048,69.02483644100765,64.59888786205019,64.64862060546875,865740,0.0,0.0
2020-11-09 00:00:00+05:30,64.64861528011954,66.4388876615985,61.66483303642172,62.36104965209961,868631,0.0,0.0
2020-11-10 00:00:00+05:30,63.057267213252906,64.54915835747111,62.361050587136006,64.35023498535156,640825,0.0,0.0
2020-11-11 00:00:00+05:30,64.10158490685762,65.64320875375915,61.664832465652545,63.10699462890625,537508,0.0,0.0
2020-11-12 00:00:00+05:30,63.654024258098154,65.64321251616371,63.654024258098154,65.19564819335938,515620,0.0,0.0
2020-11-13 00:00:00+05:30,65.09617825539,68.03023528814917,64.25077482119347,67.33401489257812,716016,0.0,0.0
2020-11-14 00:00:00+05:30,68.42807776571468,68.52753565902994,66.83672112006715,67.38375091552734,161116,0.0,0.0
2020-11-17 00:00:00+05:30,67.38374759511211,69.62158423111214,67.03564119158665,68.72644805908203,609844,0.0,0.0
2020-11-18 00:00:00+05:30,69.22374178645431,69.67131364518976,67.38374438005336,67.63239288330078,429455,0.0,0.0
2020-11-19 00:00:00+05:30,67.73184621422443,68.42806652940934,64.39995801229912,65.59346771240234,526328,0.0,0.0
2020-11-20 00:00:00+05:30,66.14050291336164,68.52753010004534,66.09077017666293,66.83671569824219,596856,0.0,0.0
2020-11-23 00:00:00+05:30,67.5329304602571,67.5329304602571,65.34481922586836,65.59346771240234,395855,0.0,0.0
2020-11-24 00:00:00+05:30,66.1404985186693,66.83671125729013,64.39995908396749,65.49401092529297,613536,0.0,0.0
2020-11-25 00:00:00+05:30,66.1405051923612,66.33942096970961,63.85293581210204,64.2010498046875,427253,0.0,0.0
2020-11-26 00:00:00+05:30,64.84753290115859,67.38375091552734,64.10158731906789,67.38375091552734,835898,0.0,0.0
2020-11-27 00:00:00+05:30,67.13509268019347,69.6215775942747,66.88644418878533,68.27887725830078,1291925,0.0,0.0
2020-12-01 00:00:00+05:30,69.32320077017307,69.32320077017307,66.19023565006036,66.83671569824219,875162,0.0,0.0
2020-12-02 00:00:00+05:30,66.8367124420169,67.68212339580593,65.44428694009353,66.43888092041016,887207,0.0,0.0
2020-12-03 00:00:00+05:30,66.53833985601413,67.53293385210358,65.3448225078168,66.33941650390625,945557,0.0,0.0
2020-12-04 00:00:00+05:30,65.79239325669221,67.08536087705673,65.34482141306037,65.74266052246094,725273,0.0,0.0
2020-12-07 00:00:00+05:30,66.04104823923588,69.02483047063372,65.04645416210326,67.93077850341797,1856256,0.0,0.0
2020-12-08 00:00:00+05:30,68.62699242739004,68.9750988423626,66.8367200244587,67.48320770263672,499046,0.0,0.0
2020-12-09 00:00:00+05:30,67.38374544932708,67.88104246371326,66.63779992774782,66.83671569824219,380973,0.0,0.0
2020-12-10 00:00:00+05:30,66.83671569824219,67.63239395652018,65.49401527702956,66.83671569824219,471406,0.0,0.0
2020-12-11 00:00:00+05:30,67.53294134869127,70.16861724853516,67.1351021884628,70.16861724853516,1516551,0.0,0.0
2020-12-14 00:00:00+05:30,72.80427775035021,73.64968872070312,72.60536198564954,73.64968872070312,540275,0.0,0.0
2020-12-15 00:00:00+05:30,77.32969368439956,77.32969368439956,70.81509909116079,74.49510192871094,2431871,0.0,0.0
2020-12-16 00:00:00+05:30,75.88753536936105,75.88753536936105,72.70482959144917,73.10266876220703,685337,0.0,0.0
2020-12-17 00:00:00+05:30,73.99780045475102,76.73293415202363,73.5999613084267,75.937255859375,2139164,0.0,0.0
2020-12-18 00:00:00+05:30,75.04211758297026,75.53941460495986,72.15780092595088,73.00320434570312,980034,0.0,0.0
2020-12-21 00:00:00+05:30,71.41185319679539,72.45617235796676,69.37293243408203,69.37293243408203,542953,0.0,0.0
2020-12-22 00:00:00+05:30,67.63239396503758,68.82590376445461,65.94158715117173,68.2291488647461,1113974,0.0,0.0
2020-12-23 00:00:00+05:30,69.57184710333065,69.62157983847528,67.98049822465265,69.4723892211914,271936,0.0,0.0
2020-12-24 00:00:00+05:30,69.6215798329786,70.4172580663298,68.17942157169833,68.77617645263672,442279,0.0,0.0
2020-12-28 00:00:00+05:30,70.11887794412593,72.10806597090964,68.82590269145646,69.37293243408203,692130,0.0,0.0
2020-12-29 00:00:00+05:30,69.7210432893663,70.61617947641578,67.78158787421795,67.93077850341797,525704,0.0,0.0
2020-12-30 00:00:00+05:30,68.92537152127127,69.17402003673307,65.94158933572967,66.2896957397461,946911,0.0,0.0
2020-12-31 00:00:00+05:30,66.93618119633784,69.02482713990042,66.38915144505111,67.5329360961914,694822,0.0,0.0
2021-01-01 00:00:00+05:30,68.37833728902689,69.27347340389507,67.83130755545467,68.0799560546875,520223,0.0,0.0
2021-01-04 00:00:00+05:30,68.47780363877878,71.46158599853516,66.73726392892088,71.46158599853516,1575986,0.0,0.0
2021-01-05 00:00:00+05:30,69.62158518824084,73.05293170868676,69.62158518824084,72.10807037353516,1541568,0.0,0.0
2021-01-06 00:00:00+05:30,73.20212809930175,73.5502345350129,69.47240002778688,70.21834564208984,856311,0.0,0.0
2021-01-07 00:00:00+05:30,71.11347624630906,73.69941931945381,70.41726343020683,73.50050354003906,2132641,0.0,0.0
2021-01-08 00:00:00+05:30,74.09725629020315,74.59455331228504,71.71022906657996,72.65509796142578,765695,0.0,0.0
2021-01-11 00:00:00+05:30,73.1026600124119,73.84860552274264,69.62158096420181,71.11347198486328,665123,0.0,0.0
2021-01-12 00:00:00+05:30,71.4615883325948,71.56104623020497,70.06915500159901,70.21834564208984,449201,0.0,0.0
2021-01-13 00:00:00+05:30,70.91455954495014,71.51131446358671,68.27888376714222,68.72644805908203,843078,0.0,0.0
2021-01-14 00:00:00+05:30,68.72644041019322,70.01941558012993,68.1296855579723,68.37833404541016,349346,0.0,0.0
2021-01-15 00:00:00+05:30,68.62699249047178,69.32320532105685,65.89185873179355,66.78699493408203,865770,0.0,0.0
2021-01-18 00:00:00+05:30,66.78700180840215,67.78159600483956,64.49943212133552,64.79781341552734,631691,0.0,0.0
2021-01-19 00:00:00+05:30,65.64320696551876,67.43347928165669,65.54374907865562,67.08536529541016,286980,0.0,0.0
2021-01-20 00:00:00+05:30,67.58265792725437,67.58265792725437,65.94158393025184,66.43888092041016,420553,0.0,0.0
2021-01-21 00:00:00+05:30,67.88103707053445,69.62157648259944,66.04103978112424,68.37833404541016,1311308,0.0,0.0
2021-01-22 00:00:00+05:30,68.37834614917456,70.01942797438495,66.98591285541572,67.28429412841797,693417,0.0,0.0
2021-01-25 00:00:00+05:30,67.6821255878539,68.47779624498698,65.74266271053241,66.23995971679688,534027,0.0,0.0
2021-01-27 00:00:00+05:30,66.43888417365295,69.47239140926727,65.84212168572203,67.88104248046875,1674300,0.0,0.0
2021-01-28 00:00:00+05:30,67.28428650168992,69.27347452782621,66.63779887556561,66.9361801147461,974600,0.0,0.0
2021-01-29 00:00:00+05:30,67.68212333523252,68.03022971040181,65.64320264214827,65.74266052246094,453796,0.0,0.0
2021-02-01 00:00:00+05:30,66.63780317674001,67.63239725400479,65.74266698957159,67.23455810546875,465542,0.0,0.0
2021-02-02 00:00:00+05:30,68.12968447327867,69.12427840719515,67.68212023827606,68.47779083251953,584697,0.0,0.0
2021-02-03 00:00:00+05:30,69.1740198518185,71.85942077636719,68.17942579263003,71.85942077636719,1555981,0.0,0.0
2021-02-04 00:00:00+05:30,72.10806817425748,74.59455328371463,71.61077115236604,72.3069839477539,1901902,0.0,0.0
2021-02-05 00:00:00+05:30,73.5999546444132,73.89833587417753,67.9804971302841,68.52752685546875,1476616,0.0,0.0
2021-02-08 00:00:00+05:30,68.8259071373263,69.82050121496484,66.63780320178178,66.8864517211914,887293,0.0,0.0
2021-02-09 00:00:00+05:30,67.33401605620558,67.83131309528584,65.04645422932681,65.84212493896484,701894,0.0,0.0
2021-02-10 00:00:00+05:30,66.43888526374542,67.6323950828892,65.74266487911957,67.43347930908203,403362,0.0,0.0
2021-02-11 00:00:00+05:30,67.33401489493195,68.42807443256035,67.23455700646133,68.03023529052734,341166,0.0,0.0
2021-02-12 00:00:00+05:30,68.5275290180251,68.62698690170188,66.63779887556561,66.9361801147461,267685,0.0,0.0
2021-02-15 00:00:00+05:30,67.53293279882571,68.22914554996984,66.63779669867621,67.13509368896484,300716,0.0,0.0
2021-02-16 00:00:00+05:30,67.53293278112847,67.68212339580593,66.14049969105523,66.43888092041016,305475,0.0,0.0
2021-02-17 00:00:00+05:30,67.23455594776962,67.33401383467417,66.14050401551893,66.38915252685547,350852,0.0,0.0
2021-02-18 00:00:00+05:30,67.33402214888385,72.10807719129197,66.53835136725003,70.11888885498047,1837425,0.0,0.0
2021-02-19 00:00:00+05:30,70.91455841022396,71.61077120613456,68.62698907254563,68.8259048461914,740618,0.0,0.0
2021-02-22 00:00:00+05:30,68.82590490203297,69.12428615089411,67.1350980602209,67.43347930908203,386886,0.0,0.0
2021-02-23 00:00:00+05:30,67.43347601820491,68.12968878070393,66.5880650504061,67.03563690185547,534905,0.0,0.0
2021-02-24 00:00:00+05:30,67.3340181747943,68.12969649761806,65.64321122398236,67.38375091552734,206749,0.0,0.0
2021-02-25 00:00:00+05:30,67.73185804883968,73.25185844964936,67.5329422601163,71.46158599853516,2915329,0.0,0.0
2021-02-26 00:00:00+05:30,72.50590736384132,72.50590736384132,67.53293714119309,68.8259048461914,945789,0.0,0.0
2021-03-01 00:00:00+05:30,69.12428172684753,70.21833358906694,68.12968774516628,68.52752685546875,487964,0.0,0.0
2021-03-02 00:00:00+05:30,69.02483045413402,69.57185264353583,67.03564230034429,67.5826644897461,761477,0.0,0.0
2021-03-03 00:00:00+05:30,68.47780163686795,71.41185875774342,67.63239817728207,70.26807403564453,1949463,0.0,0.0
2021-03-04 00:00:00+05:30,70.26806863807776,78.42373652125609,69.22374188765183,74.94265747070312,6321998,0.0,0.0
2021-03-05 00:00:00+05:30,75.88752403557179,76.83238528537468,70.61617288364535,73.05292510986328,2643044,0.0,0.0
2021-03-08 00:00:00+05:30,73.69941602431638,75.09184918241506,73.10266112460273,73.45076751708984,927388,0.0,0.0
2021-03-09 00:00:00+05:30,73.89834719857853,74.59456005718518,70.81509931236072,72.05834197998047,1053133,0.0,0.0
2021-03-10 00:00:00+05:30,73.59995707507518,75.04211536088079,72.00860816946035,74.24644470214844,3379233,0.0,0.0
2021-03-12 00:00:00+05:30,74.69401717921994,84.34158473290208,74.64429202592088,80.06482696533203,12247807,0.0,0.0
2021-03-15 00:00:00+05:30,81.55671678229943,87.12644226443606,79.0702315145464,83.29725646972656,10377877,0.0,0.0
2021-03-16 00:00:00+05:30,83.94374195978276,86.52968505292984,82.20320231791348,83.14806365966797,3646763,0.0,0.0
2021-03-17 00:00:00+05:30,83.54589730403774,83.54589730403774,77.87671445080952,79.11995697021484,2402394,0.0,0.0
2021-03-18 00:00:00+05:30,80.06481818934772,81.5069764755107,72.60536307853893,76.68319702148438,2375865,0.0,0.0
2021-03-19 00:00:00+05:30,76.58374541834515,81.50698315997846,72.25726261688698,80.26374053955078,1947214,0.0,0.0
2021-03-22 00:00:00+05:30,81.00968495838418,83.04860586211554,79.21942016334873,81.40752410888672,2327385,0.0,0.0
2021-03-23 00:00:00+05:30,81.50698208118904,83.39671235685765,79.81617517504644,80.36320495605469,1197089,0.0,0.0
2021-03-24 00:00:00+05:30,80.56212192459047,81.05941897350769,77.72753026339244,78.52320098876953,883394,0.0,0.0
2021-03-25 00:00:00+05:30,79.96536145066575,79.96536145066575,75.68860409062887,76.583740234375,963226,0.0,0.0
2021-03-26 00:00:00+05:30,79.51779374613906,84.1923904800498,77.5783383233164,83.14806365966797,4669973,0.0,0.0
2021-03-30 00:00:00+05:30,83.54590280972536,84.98806119201393,81.7059052773794,83.14806365966797,1567307,0.0,0.0
2021-03-31 00:00:00+05:30,84.04319544338767,84.04319544338767,79.56752231326644,80.41292572021484,1075077,0.0,0.0
2021-04-01 00:00:00+05:30,81.55671354310702,84.88860215193311,81.45725565397724,84.2918472290039,1752101,0.0,0.0
2021-04-05 00:00:00+05:30,84.5404980457648,84.93833720125738,79.9653667279771,82.70050048828125,1049665,0.0,0.0
2021-04-06 00:00:00+05:30,82.20320022223672,83.44644279187686,80.11455422287136,80.91022491455078,793868,0.0,0.0
2021-04-07 00:00:00+05:30,82.05400740246392,82.05400740246392,79.16968320038363,79.71671295166016,847402,0.0,0.0
2021-04-08 00:00:00+05:30,80.46265948741534,86.5296816238729,80.2140109770019,84.49076080322266,4640145,0.0,0.0
2021-04-09 00:00:00+05:30,84.39130624923803,87.02698208133134,82.35239293622294,83.84428405761719,3248845,0.0,0.0
2021-04-12 00:00:00+05:30,80.56212770517233,82.15347685826151,76.484293129084,77.32969665527344,2460342,0.0,0.0
2021-04-13 00:00:00+05:30,77.82698828605143,80.5123893194472,76.83239418654917,77.13077545166016,1153840,0.0,0.0
2021-04-15 00:00:00+05:30,78.07563569361807,79.07022977888708,75.14158617733473,77.23023223876953,1158909,0.0,0.0
2021-04-16 00:00:00+05:30,77.37942578698015,81.55671806736531,77.27996030418211,80.76103973388672,1879724,0.0,0.0
2021-04-19 00:00:00+05:30,79.07022417457321,79.56752118196047,75.58914512286245,76.68319702148438,1627251,0.0,0.0
2021-04-20 00:00:00+05:30,79.46806557716037,79.46806557716037,75.58914729066713,76.48428344726562,2055247,0.0,0.0
2021-04-22 00:00:00+05:30,76.8323919632271,80.16428058251363,76.8323919632271,78.37401580810547,1282715,0.0,0.0
2021-04-23 00:00:00+05:30,78.57292719555508,79.8161697144721,77.47887529653815,78.07563018798828,963552,0.0,0.0
2021-04-26 00:00:00+05:30,78.62266210669695,80.4626595679683,78.07563234797962,78.92103576660156,894825,0.0,0.0
2021-04-27 00:00:00+05:30,78.47346717224829,80.31346453245156,78.47346717224829,79.3188705444336,532791,0.0,0.0
2021-04-28 00:00:00+05:30,80.81077130169146,84.04320215375913,80.56212277460934,81.90482330322266,2150522,0.0,0.0
2021-04-29 00:00:00+05:30,83.247528308565,83.3469937952674,80.66158500547904,81.50698852539062,831953,0.0,0.0
2021-04-30 00:00:00+05:30,80.56211968188016,81.30806523449016,78.62266428035439,79.07022857666016,1293844,0.0,0.0
2021-05-03 00:00:00+05:30,79.16969376275816,81.95456045109765,79.0205031208558,81.50698852539062,1449070,0.0,0.0
2021-05-04 00:00:00+05:30,82.25292972350746,84.54049920792338,81.30806835585572,81.90482330322266,2107135,0.0,0.0
2021-05-05 00:00:00+05:30,83.24751717688765,84.04319543520293,81.95454949231315,82.50157165527344,707791,0.0,0.0
2021-05-06 00:00:00+05:30,83.44644596594064,85.6842826764138,82.25292850079784,83.74481964111328,2042135,0.0,0.0
2021-05-07 00:00:00+05:30,84.14265926604361,94.48643941429087,83.74482010877433,93.04428100585938,13851520,0.0,0.0
2021-05-10 00:00:00+05:30,97.0723812123627,99.45940853482873,94.63562873851966,95.92859649658203,5991051,0.0,0.0
2021-05-11 00:00:00+05:30,95.43130409604724,97.42049236350546,91.00536323621314,93.09400939941406,2679553,0.0,0.0
2021-05-12 00:00:00+05:30,93.14373345373211,95.43129519505477,88.22048839807944,90.75670623779297,2550540,0.0,0.0
2021-05-14 00:00:00+05:30,93.19346251431548,103.83562375216276,90.50806152626886,100.80210876464844,37469729,0.0,0.0
2021-05-17 00:00:00+05:30,103.43779059588643,103.43779059588643,95.92860180102078,97.51995849609375,8973183,0.0,0.0
2021-05-18 00:00:00+05:30,98.46481331087323,99.90697168269143,96.52535790213142,96.72427368164062,4052115,0.0,0.0
2021-05-19 00:00:00+05:30,96.9231939787954,97.47022378016896,95.08319637404485,95.28211975097656,2109331,0.0,0.0
2021-05-20 00:00:00+05:30,95.67995675465136,96.97293221950531,94.83455322216287,95.48104095458984,2066871,0.0,0.0
2021-05-21 00:00:00+05:30,96.42589237065333,99.75778858671077,95.28211525688498,98.11670684814453,5636201,0.0,0.0
2021-05-24 00:00:00+05:30,97.61864415547696,98.01708912095063,95.72603626925617,96.22409057617188,1676271,0.15,0.0
2021-05-25 00:00:00+05:30,95.67623762009914,96.57272931360046,91.4427759130099,91.99063110351562,2582636,0.0,0.0
2021-05-26 00:00:00+05:30,92.63810351542483,94.03265713129711,91.89102203546172,92.68791198730469,1850135,0.0,0.0
2021-05-27 00:00:00+05:30,92.14005214935457,95.37740533298054,88.75328114500466,90.24744415283203,3233409,0.0,0.0
2021-05-28 00:00:00+05:30,90.64589287501623,92.3890831226127,88.95251110294792,89.89881134033203,2091646,0.0,0.0
2021-05-31 00:00:00+05:30,90.14783035279453,90.84510334879023,88.30503092077247,88.6038589477539,1561103,0.0,0.0
2021-06-01 00:00:00+05:30,88.65366290452175,89.8987986194729,85.665337188639,86.96028137207031,1969392,0.0,0.0
2021-06-02 00:00:00+05:30,86.96029126593908,94.63032510281074,86.96029126593908,93.93305206298828,6615198,0.0,0.0
2021-06-03 00:00:00+05:30,95.12837936171722,95.52682435542481,92.28947113107317,93.73382568359375,3582215,0.0,0.0
2021-06-04 00:00:00+05:30,93.18596602769371,94.23187553668052,91.4427759130099,91.99063110351562,1799454,0.0,0.0
2021-06-07 00:00:00+05:30,92.53849781404104,94.6801329941794,90.8949169734834,92.23966217041016,2239861,0.0,0.0
2021-06-08 00:00:00+05:30,92.63810710761484,93.93305142964674,91.79141625076603,92.04044342041016,2132894,0.0,0.0
2021-06-09 00:00:00+05:30,93.0365481170987,95.2279840762929,91.29335800419692,91.69180297851562,3849384,0.0,0.0
2021-06-10 00:00:00+05:30,92.48869009358563,94.92916093723423,92.43888921904556,94.53071594238281,2835795,0.0,0.0
2021-06-11 00:00:00+05:30,94.82954420103394,96.72215223103548,94.13227115826261,95.22798919677734,5504554,0.0,0.0
2021-06-14 00:00:00+05:30,96.12448103642905,96.62253534231728,91.69180075390601,95.72603607177734,2770080,0.0,0.0
2021-06-15 00:00:00+05:30,95.52682479125761,96.87157000141312,94.7299348002067,95.02877044677734,2804746,0.0,0.0
2021-06-16 00:00:00+05:30,95.12837116692657,96.22408910545268,91.94082669126777,92.63809967041016,3200178,0.0,0.0
2021-06-17 00:00:00+05:30,91.64199469215085,94.43110191831602,91.14394037317177,92.18985748291016,1816727,0.0,0.0
2021-06-18 00:00:00+05:30,93.08635311208127,93.83343462212913,88.70348099956537,92.43888854980469,2084781,0.0,0.0
2021-06-21 00:00:00+05:30,92.43888843895338,92.4886893130732,90.39686260738888,92.14005279541016,1227857,0.0,0.0
2021-06-22 00:00:00+05:30,93.58441147815765,95.02877368621098,92.83732993597,93.08635711669922,2588890,0.0,0.0
2021-06-23 00:00:00+05:30,94.08246212314826,94.8793521098854,92.83732626868783,93.43499755859375,1409404,0.0,0.0
2021-06-24 00:00:00+05:30,93.63420830443629,94.18207107375933,92.14004540596123,92.73770904541016,937245,0.0,0.0
2021-06-25 00:00:00+05:30,92.33927567105492,93.93305570915342,92.14005696614583,93.38519287109375,1138769,0.0,0.0
2021-06-28 00:00:00+05:30,92.83733007776505,95.12838318385568,92.4388926677549,93.58441162109375,1497349,0.0,0.0
2021-06-29 00:00:00+05:30,91.94083823901629,95.07857463896154,91.94083823901629,93.28558349609375,1890918,0.0,0.0
2021-06-30 00:00:00+05:30,93.93304525852913,97.41942540450225,93.38518248142255,96.02487182617188,4869608,0.0,0.0
2021-07-01 00:00:00+05:30,97.5688358166786,99.36183436387897,93.18596398966548,96.5229263305664,3560206,0.0,0.0
2021-07-02 00:00:00+05:30,95.72604570719693,105.28868782284907,95.72604570719693,102.39997863769531,9467381,0.0,0.0
2021-07-05 00:00:00+05:30,103.59530312381997,109.27311958206997,100.85600424314205,105.23888397216797,7470399,0.0,0.0
2021-07-06 00:00:00+05:30,105.98596970864602,108.22721433669665,103.89414290907341,106.58363342285156,5973516,0.0,0.0
2021-07-07 00:00:00+05:30,107.33070246325448,109.27311120809009,103.59529518495097,104.14315795898438,3249551,0.0,0.0
2021-07-08 00:00:00+05:30,104.14316954499625,105.98596915403117,102.30036233625495,104.69102478027344,2888595,0.0,0.0
2021-07-09 00:00:00+05:30,104.69101759919178,107.38051551412148,103.1968546241328,105.8863525390625,2518670,0.0,0.0
2021-07-12 00:00:00+05:30,107.03187043231557,115.05054803200426,106.83265174400395,113.60619354248047,8424619,0.0,0.0
2021-07-13 00:00:00+05:30,113.60619102790112,119.93147923811273,110.61786517113605,116.94315338134766,8793677,0.0,0.0
2021-07-14 00:00:00+05:30,119.23420803712644,124.51358717315051,114.85133584839653,122.0233154296875,24429837,0.0,0.0
2021-07-15 00:00:00+05:30,121.82409008713229,129.3447133821801,121.82409008713229,124.71279907226562,15982701,0.0,0.0
2021-07-16 00:00:00+05:30,127.00385205258718,130.29101361618353,123.26844463927578,124.81241607666016,10899708,0.0,0.0
2021-07-19 00:00:00+05:30,124.4637817209379,133.97662305186358,122.52137275374885,132.38284301757812,9899861,0.0,0.0
2021-07-20 00:00:00+05:30,132.48245381700403,133.47856249231984,123.71669443434237,125.36027526855469,6241813,0.0,0.0
2021-07-22 00:00:00+05:30,127.70113363241921,131.83499390019517,124.9618346788402,127.30269622802734,3932327,0.0,0.0
2021-07-23 00:00:00+05:30,128.49801575814544,128.49801575814544,125.01163548563763,126.80463409423828,2148602,0.0,0.0
2021-07-26 00:00:00+05:30,125.8085247817722,126.90424277027188,124.5135805046416,125.01163482666016,1324222,0.0,0.0
2021-07-27 00:00:00+05:30,125.11125077739511,134.77350969457686,125.11125077739511,133.82720947265625,4616777,0.0,0.0
2021-07-28 00:00:00+05:30,135.1221407612021,142.4435458773189,130.49024132817325,140.9991912841797,13430973,0.0,0.0
2021-07-29 00:00:00+05:30,141.39762756711423,144.834199557835,135.4707838150867,137.41319274902344,5253594,0.0,0.0
2021-07-30 00:00:00+05:30,138.16028078389107,138.45911644920366,130.68946514814266,132.9307098388672,2457398,0.0,0.0
2021-08-02 00:00:00+05:30,134.22564036479204,137.91123932379452,133.97661320270524,137.11434936523438,1898396,0.0,0.0
2021-08-03 00:00:00+05:30,137.46299075740936,142.39372542947763,135.4707735000556,139.95326232910156,2544406,0.0,0.0
2021-08-04 00:00:00+05:30,140.0528772996388,141.19839612672249,133.97660867050564,134.97271728515625,1475402,0.0,0.0
2021-08-05 00:00:00+05:30,135.6700165311973,135.6700165311973,130.49025377247793,132.0342254638672,1182863,0.0,0.0
2021-08-06 00:00:00+05:30,132.53226159916602,136.86532519453482,132.53226159916602,134.67388916015625,1257494,0.0,0.0
2021-08-09 00:00:00+05:30,135.3711616743951,136.4668872871222,131.4863439554754,133.0801239013672,736318,0.0,0.0
2021-08-10 00:00:00+05:30,132.28323824779716,134.2754556455067,114.75171906818802,122.62097930908203,3184807,0.0,0.0
2021-08-11 00:00:00+05:30,123.2684490038135,129.49412824643034,117.540824100606,126.65522003173828,2544905,0.0,0.0
2021-08-12 00:00:00+05:30,126.95404989313917,133.4785648726944,126.70502271986922,132.43264770507812,1338353,0.0,0.0
2021-08-13 00:00:00+05:30,133.32914665116783,135.47077413306565,130.54003943795772,131.53614807128906,1352227,0.0,0.0
2021-08-16 00:00:00+05:30,131.9345920614249,132.18361923224654,127.99996580232536,128.44821166992188,1180393,0.0,0.0
2021-08-17 00:00:00+05:30,128.49802667644272,129.04588951998457,122.52137427288723,124.46378326416016,1081479,0.0,0.0
2021-08-18 00:00:00+05:30,125.50968902660257,127.2030706799363,122.52136309739775,124.71279907226562,1003784,0.0,0.0
2021-08-20 00:00:00+05:30,121.52525979858915,124.46377738498403,115.79763484906547,118.03887939453125,1440370,0.0,0.0
2021-08-23 00:00:00+05:30,117.54082033662458,127.30268811632828,117.0427660131643,126.00774383544922,3872074,0.0,0.0
2021-08-24 00:00:00+05:30,127.00385671417492,128.24899256431388,123.11903134180011,127.15327453613281,1405929,0.0,0.0
2021-08-25 00:00:00+05:30,126.50579854918331,129.0956871189313,125.50968989918975,127.10346221923828,1287554,0.0,0.0
2021-08-26 00:00:00+05:30,127.50190698818898,128.39839869193497,125.60929903639187,126.50579833984375,859292,0.0,0.0
2021-08-27 00:00:00+05:30,125.60929846243334,126.85443426717536,124.51358047420153,124.91202545166016,546718,0.0,0.0
2021-08-30 00:00:00+05:30,126.10735708074296,128.99607376610268,125.50969339404585,126.25677490234375,824753,0.0,0.0
2021-08-31 00:00:00+05:30,126.30657961997412,128.99606992998332,124.51358101349742,126.40618896484375,2073904,0.0,0.0
2021-09-01 00:00:00+05:30,127.25288388420272,127.8505551720343,123.71669502992559,127.15327453613281,1143443,0.0,0.0
2021-09-02 00:00:00+05:30,127.15327051144625,128.29879697725684,126.1073533905527,126.60540771484375,901471,0.0,0.0
2021-09-03 00:00:00+05:30,127.60153134761217,131.08791181941126,123.86611609954967,125.60930633544922,2671547,0.0,0.0
2021-09-06 00:00:00+05:30,126.30657953905698,138.25988330869495,126.1073532497395,136.71591186523438,12652715,0.0,0.0
2021-09-07 00:00:00+05:30,138.3096927372445,140.45132026434746,133.08012230186984,139.30580139160156,6605767,0.0,0.0
2021-09-08 00:00:00+05:30,141.2482132193831,143.43964926550137,134.57428813371789,136.86532592773438,12557190,0.0,0.0
2021-09-09 00:00:00+05:30,137.5128081727033,137.5128081727033,130.88867624151467,132.63186645507812,4484396,0.0,0.0
2021-09-13 00:00:00+05:30,133.2793540212746,134.9727358593319,131.48635522827902,133.1299285888672,2123410,0.0,0.0
2021-09-14 00:00:00+05:30,133.47856128813413,136.26766859373873,132.68167131518823,133.0801239013672,2807815,0.0,0.0
2021-09-15 00:00:00+05:30,133.27933528804527,135.8692085588711,133.12990987664054,133.9766082763672,1691269,0.0,0.0
2021-09-16 00:00:00+05:30,135.47078257939498,137.91124584333247,132.48245649308478,133.4287567138672,2360039,0.0,0.0
2021-09-17 00:00:00+05:30,133.37894749790775,135.12213770523357,130.0419925063886,131.03810119628906,2702690,0.0,0.0
2021-09-20 00:00:00+05:30,131.68556888337957,132.48245889405342,126.50580661311868,128.59764099121094,3698301,0.0,0.0
2021-09-21 00:00:00+05:30,128.59764634329284,136.36728247234086,125.60931247874817,134.7237091064453,4698116,0.0,0.0
2021-09-22 00:00:00+05:30,136.36727219177382,140.65054255501357,135.0723430674979,138.6583251953125,3677397,0.0,0.0
2021-09-23 00:00:00+05:30,139.95326140171412,159.27776259022897,139.95326140171412,157.18594360351562,25217552,0.0,0.0
2021-09-24 00:00:00+05:30,159.37740219356124,160.7221551043348,152.65366803852035,155.09413146972656,8872285,0.0,0.0
2021-09-27 00:00:00+05:30,156.28943665882394,158.8295166839414,153.400727735772,156.98672485351562,4927516,0.0,0.0
2021-09-28 00:00:00+05:30,158.92915823452773,165.25443984183656,158.53070560452002,163.26222229003906,8574722,0.0,0.0
2021-09-29 00:00:00+05:30,159.9750536043443,166.25052587448408,159.47699928452928,164.75636291503906,3227373,0.0,0.0
2021-09-30 00:00:00+05:30,165.70268722831105,169.8365322261924,162.11668985227456,168.64120483398438,4453167,0.0,0.0
2021-10-01 00:00:00+05:30,166.84819625199205,167.54546925614792,161.36959876312068,162.36570739746094,3233316,0.0,0.0
2021-10-04 00:00:00+05:30,162.6147381710319,167.04741865250384,159.72602914699272,161.71824645996094,3646248,0.0,0.0
2021-10-05 00:00:00+05:30,162.7143670266932,164.6567760091339,160.07466977414452,163.16261291503906,2543640,0.0,0.0
2021-10-06 00:00:00+05:30,164.05910093204392,166.99761857654016,162.46533612118097,163.41163635253906,3054025,0.0,0.0
2021-10-07 00:00:00+05:30,165.00539031967588,167.14703301770376,162.86376282105962,165.35403442382812,3058262,0.0,0.0
2021-10-08 00:00:00+05:30,166.35014605240534,166.59917321715443,157.7338122318509,162.91357421875,1965975,0.0,0.0
2021-10-11 00:00:00+05:30,162.1664861666445,168.3423565627937,160.62251476775435,165.60305786132812,5737675,0.0,0.0
2021-10-12 00:00:00+05:30,166.4497713021731,170.03575353381615,162.8637738711174,164.60696411132812,4032338,0.0,0.0
2021-10-13 00:00:00+05:30,166.00149731692105,166.00149731692105,160.37348963016134,160.97116088867188,1655330,0.0,0.0
2021-10-14 00:00:00+05:30,162.66454994866407,163.36182298248738,159.47700522303458,160.2738800048828,1146433,0.0,0.0
2021-10-18 00:00:00+05:30,160.6723400092582,161.51902330389422,156.38906946182252,159.3773956298828,1911938,0.0,0.0
2021-10-19 00:00:00+05:30,159.57662001467196,160.17429134932328,146.42798744706323,151.50814819335938,1498372,0.0,0.0
2021-10-20 00:00:00+05:30,150.61161999683245,150.91045562210502,142.5929425823103,145.78050231933594,4103020,0.0,0.0
2021-10-21 00:00:00+05:30,146.42798364378476,156.3890709664912,146.42798364378476,151.1595001220703,4039669,0.0,0.0
2021-10-22 00:00:00+05:30,152.2054197113362,152.35482994374837,144.68479562518735,145.531494140625,2890534,0.0,0.0
2021-10-25 00:00:00+05:30,146.12913734731168,146.72680862293407,136.5665033332365,141.4972381591797,4150341,0.0,0.0
2021-10-26 00:00:00+05:30,141.34781746970296,146.87622375623482,139.55483398167095,144.43576049804688,1695513,0.0,0.0
2021-10-27 00:00:00+05:30,145.7805134166822,150.4124127630646,140.4513258251133,144.83419799804688,3033035,0.0,0.0
2021-10-28 00:00:00+05:30,144.8342004994525,144.8342004994525,139.50502801525684,140.40151977539062,2215121,0.0,0.0
2021-10-29 00:00:00+05:30,140.0030852765574,140.2521124594757,135.6201977375473,137.16416931152344,2028316,0.0,0.0
2021-11-01 00:00:00+05:30,137.16416334032573,144.0373224093082,137.0645615911422,142.24432373046875,1318057,0.0,0.0
2021-11-02 00:00:00+05:30,143.48944455334995,144.68477181417006,140.94936462447546,143.04119873046875,2345543,0.0,0.0
2021-11-03 00:00:00+05:30,142.94158179231258,143.83807343807499,141.89566473931595,143.04119873046875,597432,0.0,0.0
2021-11-04 00:00:00+05:30,144.03731191547803,146.02952914695402,143.4894491369399,144.98361206054688,323019,0.0,0.0
2021-11-08 00:00:00+05:30,144.98361888183948,145.83030212540538,142.24432005967952,142.69256591796875,779709,0.0,0.0
2021-11-09 00:00:00+05:30,142.6925727533727,143.38984581071432,139.5050279202305,140.00308227539062,1215600,0.0,0.0
2021-11-10 00:00:00+05:30,139.45521160999039,141.44742891870453,138.010857101055,139.30580139160156,1143243,0.0,0.0
2021-11-11 00:00:00+05:30,139.30580145052824,142.99140043332605,138.45910301420184,139.50502014160156,876301,0.0,0.0
2021-11-12 00:00:00+05:30,140.25209782865207,142.19450661290404,139.056770515221,139.55482482910156,773231,0.0,0.0
2021-11-15 00:00:00+05:30,139.95327712444868,140.4015230148579,137.46300528949408,138.3594970703125,1490265,0.0,0.0
2021-11-16 00:00:00+05:30,138.4591141258645,140.65055030236246,137.46300539114605,138.55873107910156,1841463,0.0,0.0
2021-11-17 00:00:00+05:30,138.5587122480057,141.09877701679474,136.81552219916009,139.2061767578125,3803048,0.0,0.0
2021-11-18 00:00:00+05:30,139.4552140505803,141.04899400520893,131.38672772931758,135.2715606689453,2183521,0.0,0.0
2021-11-22 00:00:00+05:30,136.16805379532954,136.6661081363508,121.87389572796064,127.85055541992188,4061130,0.0,0.0
2021-11-23 00:00:00+05:30,128.49802135747706,133.3789478719108,127.60152961381776,132.23342895507812,1387312,0.0,0.0
2021-11-24 00:00:00+05:30,132.93070595954674,134.8233216516854,131.78518700859368,132.5820770263672,901867,0.0,0.0
2021-11-25 00:00:00+05:30,132.5820695682025,134.37505300806575,130.78907092892726,133.0801239013672,899428,0.0,0.0
2021-11-26 00:00:00+05:30,130.49023700961106,140.2022966343722,130.09179961759088,138.4591064453125,5671810,0.0,0.0
2021-11-29 00:00:00+05:30,138.5587308900935,142.24433016364162,134.57429595665488,137.9610595703125,4352170,0.0,0.0
2021-11-30 00:00:00+05:30,138.2598950399614,141.09879580648234,136.2676775759833,137.36338806152344,2772996,0.0,0.0
2021-12-01 00:00:00+05:30,138.01085347971716,140.45131657897304,137.5626076369006,139.75404357910156,1498453,0.0,0.0
2021-12-02 00:00:00+05:30,138.01085397744714,141.9454800332226,138.01085397744714,141.14859008789062,1675266,0.0,0.0
2021-12-03 00:00:00+05:30,140.5509342762798,144.9338061842166,140.5509342762798,141.7462615966797,1439638,0.0,0.0
2021-12-06 00:00:00+05:30,141.69645553586565,143.88789152711794,137.06455639073212,137.91123962402344,1108704,0.0,0.0
2021-12-07 00:00:00+05:30,139.15638417971235,142.64276467555044,137.06456500185712,141.3976287841797,1009575,0.0,0.0
2021-12-08 00:00:00+05:30,141.39762526564078,143.43965111655757,138.16027202863515,142.24432373046875,1470353,0.0,0.0
2021-12-09 00:00:00+05:30,143.58906948260292,144.63498670452157,140.65055172533687,143.93771362304688,1069137,0.0,0.0
2021-12-10 00:00:00+05:30,143.43965947172245,146.42798571071668,142.0451133066238,144.73460388183594,1326580,0.0,0.0
2021-12-13 00:00:00+05:30,146.4279697114615,147.12524271782422,140.94937220525034,143.34002685546875,1378093,0.0,0.0
2021-12-14 00:00:00+05:30,142.64276921492922,145.23265803116453,141.54705871530135,143.93771362304688,3572928,0.0,0.0
2021-12-15 00:00:00+05:30,144.73459550430283,147.02564852813688,141.2482150939417,142.44354248046875,1494534,0.0,0.0
2021-12-16 00:00:00+05:30,142.44354248046875,143.53926811777578,140.650543800972,142.44354248046875,1601324,0.0,0.0
2021-12-17 00:00:00+05:30,143.34002590861758,143.73847848062965,137.61240128086777,140.75015258789062,1242321,0.0,0.0
2021-12-20 00:00:00+05:30,138.45912119208893,138.60853143015657,132.48246847876135,136.06846618652344,2058831,0.0,0.0
2021-12-21 00:00:00+05:30,135.96883447470623,138.9073520333614,135.520588609727,137.66221618652344,601654,0.0,0.0
2021-12-22 00:00:00+05:30,138.16026737788593,139.8536490511269,137.36337741418083,139.50502014160156,663878,0.0,0.0
2021-12-23 00:00:00+05:30,139.85364992197236,143.29023696188648,139.50502101027618,142.0948944091797,904377,0.0,0.0
2021-12-24 00:00:00+05:30,142.7423739838831,142.7423739838831,139.60462258598332,141.4972381591797,671740,0.0,0.0
2021-12-27 00:00:00+05:30,141.54705425803843,142.6925731987168,138.55872811775117,141.5968475341797,558691,0.0,0.0
2021-12-28 00:00:00+05:30,142.69257514172645,149.91436341242465,141.74627489096582,148.37039184570312,3617861,0.0,0.0
2021-12-29 00:00:00+05:30,151.20929178512338,152.30500214913775,145.92991305123732,147.175048828125,2348460,0.0,0.0
2021-12-30 00:00:00+05:30,147.92213790473514,150.41240958663303,146.4279748955964,147.075439453125,1136504,0.0,0.0
2021-12-31 00:00:00+05:30,147.92214887166762,148.96806609549134,143.93771388522538,144.93382263183594,1082148,0.0,0.0
2022-01-03 00:00:00+05:30,145.43186611311546,147.77272757209826,143.9875115785868,146.677001953125,1409716,0.0,0.0
2022-01-04 00:00:00+05:30,147.67312090609695,159.3773986170355,146.9260393500796,156.33926391601562,5852939,0.0,0.0
2022-01-05 00:00:00+05:30,157.28555987110002,157.28555987110002,152.10579759784451,154.7952880859375,2203027,0.0,0.0
2022-01-06 00:00:00+05:30,151.40850543202998,154.84507702201955,150.46220531296194,153.64974975585938,1523897,0.0,0.0
2022-01-07 00:00:00+05:30,154.39685456083774,156.5882907469799,152.40463708263337,154.94471740722656,1957733,0.0,0.0
2022-01-10 00:00:00+05:30,155.74159890161553,159.27777257206697,150.51202830798127,152.25521850585938,3243539,0.0,0.0
2022-01-11 00:00:00+05:30,152.2552133485562,154.34703239550686,146.6271903521105,148.51980590820312,1481098,0.0,0.0
2022-01-12 00:00:00+05:30,149.4162903526152,151.95637032849186,147.7229087685011,149.61550903320312,1275272,0.0,0.0
2022-01-13 00:00:00+05:30,150.4124116780462,154.19762772704507,149.665330163089,153.25132751464844,1456570,0.0,0.0
2022-01-14 00:00:00+05:30,153.40072517598318,153.89877947850263,149.11745513443392,150.6116180419922,1440287,0.0,0.0
2022-01-17 00:00:00+05:30,151.10969060193477,152.90268934752118,145.92992826978406,147.57350158691406,1853677,0.0,0.0
2022-01-18 00:00:00+05:30,148.37039175649554,154.3968525910615,145.53149100592054,147.97195434570312,3132293,0.0,0.0
2022-01-19 00:00:00+05:30,147.97193558398,151.2590970041754,146.12912859404003,148.81861877441406,1494130,0.0,0.0
2022-01-20 00:00:00+05:30,150.21318067974107,154.29721684075372,149.56570096681918,150.6116180419922,2500668,0.0,0.0
2022-01-21 00:00:00+05:30,148.91824231456977,150.51202222512583,142.54315307116892,145.92991638183594,1780351,0.0,0.0
2022-01-24 00:00:00+05:30,145.2824521845199,145.92991672503697,134.47466728928322,136.31747436523438,2897190,0.0,0.0
2022-01-25 00:00:00+05:30,136.31748214729697,142.3937361187122,131.68556755659336,136.81553649902344,2086441,0.0,0.0
2022-01-27 00:00:00+05:30,136.41709249769957,142.14471790362217,134.97273782652354,141.0988006591797,2006966,0.0,0.0
2022-01-28 00:00:00+05:30,141.64665620992588,145.03343496001904,140.45132879200415,142.19451904296875,957437,0.0,0.0
2022-01-31 00:00:00+05:30,143.43965468591028,144.28635317180746,140.55094549769524,141.3976287841797,925256,0.0,0.0
2022-02-01 00:00:00+05:30,142.44353491212922,145.23264213210916,141.39761780471028,142.54315185546875,1034926,0.0,0.0
2022-02-02 00:00:00+05:30,142.6427611783212,144.78440397861903,141.84587118749906,142.44354248046875,1166918,0.0,0.0
2022-02-03 00:00:00+05:30,141.99529490075815,143.93770378040367,136.06845131438868,137.26377868652344,2591008,0.0,0.0
2022-02-04 00:00:00+05:30,134.47468032689343,135.32137883834656,126.90425539880223,128.74705505371094,4573960,0.0,0.0
2022-02-07 00:00:00+05:30,128.74704943680663,129.99218531143725,122.22253441385966,122.91981506347656,2020503,0.0,0.0
2022-02-08 00:00:00+05:30,123.5174767765269,124.71280415706245,115.94705230048746,116.84355163574219,3512558,0.0,0.0
2022-02-09 00:00:00+05:30,118.03888368656402,123.41787231120949,117.74004802975344,119.68246459960938,3290160,0.0,0.0
2022-02-10 00:00:00+05:30,119.63264907075302,122.62097506385946,118.08868520080496,121.37583923339844,1563943,0.0,0.0
2022-02-11 00:00:00+05:30,120.23031133843526,120.7781741372909,116.89334887190284,117.39140319824219,1803502,0.0,0.0
2022-02-14 00:00:00+05:30,115.44900140968421,116.54471947454637,112.11203873954233,115.79763793945312,1163589,0.0,0.0
2022-02-15 00:00:00+05:30,123.41787515641683,123.41787515641683,113.25756138681037,115.74783325195312,1447548,0.0,0.0
2022-02-16 00:00:00+05:30,118.53692930610117,118.53692930610117,115.84743899197954,116.39529418945312,1088438,0.0,0.0
2022-02-17 00:00:00+05:30,116.09646591402729,117.24198477896674,114.85133010456629,115.6980209350586,550074,0.0,0.0
2022-02-18 00:00:00+05:30,115.24977111816406,115.94705175327408,114.45288873480331,115.24977111816406,450684,0.0,0.0
2022-02-21 00:00:00+05:30,114.55249217406471,115.00073801660268,108.57584040846133,109.62175750732422,962835,0.0,0.0
2022-02-22 00:00:00+05:30,106.58362947508192,108.12760097932305,105.0894664450574,106.13538360595703,1029574,0.0,0.0
2022-02-23 00:00:00+05:30,111.96260830258815,115.44898840703,107.579728937063,111.86299896240234,2423680,0.0,0.0
2022-02-24 00:00:00+05:30,108.57584126021477,108.57584126021477,100.1587263308419,101.80229949951172,1504768,0.0,0.0
2022-02-25 00:00:00+05:30,109.47235011743167,109.47235011743167,104.69102520977883,106.18518829345703,1192219,0.0,0.0
2022-02-28 00:00:00+05:30,105.58752410004966,106.18518781086338,103.49569731234844,104.49180603027344,1765600,0.0,0.0
2022-03-02 00:00:00+05:30,104.09335738371304,106.48401974308884,103.59530304216418,105.03965759277344,666862,0.0,0.0
2022-03-03 00:00:00+05:30,106.08557089694389,106.98207019911275,104.5914079265644,104.98985290527344,596821,0.0,0.0
2022-03-04 00:00:00+05:30,105.4879098181431,106.58362783671012,100.10892147279782,101.35405731201172,1018094,0.0,0.0
2022-03-07 00:00:00+05:30,99.11281549640968,100.40775984428548,97.0707896246916,97.91748809814453,1034484,0.0,0.0
2022-03-08 00:00:00+05:30,100.30814259977369,101.35405976996044,96.12448911843914,97.02098846435547,946434,0.0,0.0
2022-03-09 00:00:00+05:30,99.11281299246772,102.7984120437625,98.11670431917659,101.95172119140625,1722726,0.0,0.0
2022-03-10 00:00:00+05:30,104.49180059967037,111.66377995610874,103.69491062686343,110.86689758300781,2678591,0.0,0.0
2022-03-11 00:00:00+05:30,111.5641732439305,111.5641732439305,106.58362979554074,107.1314926147461,1084086,0.0,0.0
2022-03-14 00:00:00+05:30,109.5719584004852,111.6139843014677,101.25445216911692,102.69880676269531,2208223,0.0,0.0
2022-03-15 00:00:00+05:30,103.29646999250038,104.39219565120104,100.70658887132115,101.10503387451172,1727150,0.0,0.0
2022-03-16 00:00:00+05:30,102.10114253380544,103.44588776918748,99.61087076468824,100.90581512451172,1999690,0.0,0.0
2022-03-17 00:00:00+05:30,103.94393464790731,105.2886797865823,101.35405371421736,101.90191650390625,2389782,0.0,0.0
2022-03-21 00:00:00+05:30,103.14704773539884,103.14704773539884,100.10891349009584,100.25833129882812,1470316,0.0,0.0
2022-03-22 00:00:00+05:30,100.60697132668906,101.30424432570463,98.71436341545378,99.5112533569336,1726884,0.0,0.0
2022-03-23 00:00:00+05:30,100.35795162902191,101.05522467986214,98.16651552663298,98.81398010253906,1519785,0.0,0.0
2022-03-24 00:00:00+05:30,97.81787035326595,98.31592469844492,94.63032558400306,95.42721557617188,2931672,0.0,0.0
2022-03-25 00:00:00+05:30,96.02487572965947,99.21242038138601,95.67623922083092,96.2739028930664,5858123,0.0,0.0
2022-03-28 00:00:00+05:30,96.8715697261749,97.22020624637928,92.33927216439942,94.23188018798828,4617667,0.0,0.0
2022-03-29 00:00:00+05:30,95.12837877603354,95.97506963263294,90.7454990716468,91.94083404541016,5238831,0.0,0.0
2022-03-30 00:00:00+05:30,93.28558245960677,94.33149204806537,88.70348390135838,89.79920196533203,3893949,0.0,0.0
2022-03-31 00:00:00+05:30,90.69570152251059,94.13227354869137,88.70348409290865,90.49647521972656,3718763,0.0,0.0
2022-04-01 00:00:00+05:30,91.59219818247306,95.47702389781614,90.34706222240841,94.72994232177734,2018709,0.0,0.0
2022-04-04 00:00:00+05:30,96.02488289710757,96.77196444309175,93.88324761201163,94.68013763427734,2337565,0.0,0.0
2022-04-05 00:00:00+05:30,95.52682908808347,98.61476464281621,95.12838407463585,96.67235565185547,3131129,0.0,0.0
2022-04-06 00:00:00+05:30,96.67235207109763,98.56495251538529,95.92527054844528,97.41943359375,2486068,0.0,0.0
2022-04-07 00:00:00+05:30,97.6186521872496,98.36573370909079,96.67235196613325,97.12059783935547,1637873,0.0,0.0
2022-04-08 00:00:00+05:30,97.31980842930776,98.36572551261528,95.67623529797538,95.92526245117188,1998829,0.0,0.0
2022-04-11 00:00:00+05:30,96.37351193970413,96.72214844745181,95.12837612652966,95.47701263427734,1400430,0.0,0.0
2022-04-12 00:00:00+05:30,95.72604307945966,98.01709609414569,93.13616201918818,93.83343505859375,3200945,0.0,0.0
2022-04-13 00:00:00+05:30,94.92915374217952,97.22019898944204,94.68012658923541,95.72603607177734,1825615,0.0,0.0
2022-04-18 00:00:00+05:30,95.72604313669153,96.77196029613137,93.6840248916651,93.93305206298828,2536809,0.0,0.0
2022-04-19 00:00:00+05:30,95.2778000411433,95.92527222536874,87.50814902985064,90.29725646972656,4481217,0.0,0.0
2022-04-20 00:00:00+05:30,90.64588476114261,91.7914111983949,87.65755888989615,88.80308532714844,3173401,0.0,0.0
2022-04-21 00:00:00+05:30,90.0482288917843,90.44667389567178,88.20542929847436,89.00231170654297,1842694,0.0,0.0
2022-04-22 00:00:00+05:30,89.05212035427492,92.04044648965525,88.75328470085435,89.5999755859375,3155021,0.0,0.0
2022-04-25 00:00:00+05:30,88.60386273467209,89.45056117990481,87.40853537624685,88.45445251464844,1617895,0.0,0.0
2022-04-26 00:00:00+05:30,89.25133444715905,89.59997095833934,86.9602890881843,87.25911712646484,2394858,0.0,0.0
2022-04-27 00:00:00+05:30,86.96029629396479,86.96029629396479,85.06768816253714,85.76496124267578,1938713,0.0,0.0
2022-04-28 00:00:00+05:30,86.66145731425334,88.30503819705112,86.36262166294235,87.50814819335938,1874412,0.0,0.0
2022-04-29 00:00:00+05:30,88.6536690915778,88.6536690915778,81.92993576159859,82.77662658691406,3583804,0.0,0.0
2022-05-02 00:00:00+05:30,82.77662266860119,83.37428630525606,79.68868754612976,82.52759552001953,2121122,0.0,0.0
2022-05-04 00:00:00+05:30,83.374286233337,84.17117614799308,81.92993181269149,82.32837677001953,1837859,0.0,0.0
2022-05-05 00:00:00+05:30,83.47391414994907,83.47391414994907,79.93772513821999,80.18675231933594,2231338,0.0,0.0
2022-05-06 00:00:00+05:30,79.38985832938543,81.68091132095313,77.24823075866189,79.63888549804688,2028543,0.0,0.0
2022-05-09 00:00:00+05:30,79.63888504608275,79.63888504608275,76.70036751243674,78.24433898925781,1051598,0.0,0.0
2022-05-10 00:00:00+05:30,78.24434243402771,79.43966984956177,75.05678999309295,76.99920654296875,2673802,0.0,0.0
2022-05-11 00:00:00+05:30,73.91125875476321,75.4054217290485,62.30659526772591,63.45212173461914,12387180,0.0,0.0
2022-05-12 00:00:00+05:30,64.34861434277646,67.53616643759509,61.95795597144165,65.79297637939453,7630432,0.0,0.0
2022-05-13 00:00:00+05:30,68.13383449936799,68.28325231970268,64.44822786317187,67.13772583007812,4879534,0.0,0.0
2022-05-16 00:00:00+05:30,68.38286477589399,68.38286477589399,63.7509577331533,64.59764862060547,2774002,0.0,0.0
2022-05-17 00:00:00+05:30,65.7431723650764,68.03422535101451,65.04589933442013,67.73538970947266,2269380,0.0,0.0
2022-05-18 00:00:00+05:30,68.23345176421365,68.98053335287294,67.48637017555438,67.93461608886719,1603884,0.0,0.0
2022-05-19 00:00:00+05:30,65.5439564114789,66.7392838282212,63.75095768665906,64.39842987060547,1695151,0.0,0.0
2022-05-20 00:00:00+05:30,66.09180708082262,74.30970340269604,65.44433494158234,73.16417694091797,8964646,0.0,0.0
2022-05-23 00:00:00+05:30,74.21010148731483,74.70815585971292,70.07624867646939,71.96885681152344,2394805,0.0,0.0
2022-05-24 00:00:00+05:30,71.71982025484317,71.71982025484317,67.1875230183007,67.48635864257812,2149381,0.0,0.0
2022-05-25 00:00:00+05:30,68.1836385783641,68.1836385783641,64.59764872028218,64.896484375,2588733,0.0,0.0
2022-05-26 00:00:00+05:30,65.2451213815584,67.23733882832356,63.20309925859478,66.5898666381836,2109652,0.0,0.0
2022-05-27 00:00:00+05:30,67.53617411988121,67.93461152731372,64.6474573177571,65.29492950439453,2741158,0.0,0.0
2022-05-30 00:00:00+05:30,66.54006206324266,67.28714356425344,65.94239078266922,66.9384994506836,1345800,0.0,0.0
2022-05-31 00:00:00+05:30,67.43655708961285,67.48636556533698,64.74706659405024,65.095703125,2218101,0.0,0.0
2022-06-01 00:00:00+05:30,65.9423907549069,67.23733506266281,65.44433642110938,66.8388900756836,1536004,0.0,0.0
2022-06-02 00:00:00+05:30,67.23733607397426,71.22177080428385,66.98830890332991,69.92682647705078,7471935,0.0,0.0
2022-06-03 00:00:00+05:30,70.77352933750093,72.91515705843767,69.92683082489995,71.86924743652344,5118859,0.0,0.0
2022-06-06 00:00:00+05:30,71.76963435150711,72.6163252203914,68.98052697196398,72.11827087402344,2273067,0.0,0.0
2022-06-07 00:00:00+05:30,70.72371263605844,72.11826623614722,69.03033100719003,69.97663116455078,1738588,0.0,0.0
2022-06-08 00:00:00+05:30,69.97663936161183,72.71593841135464,67.83500403914431,72.16807556152344,3846179,0.0,0.0
2022-06-09 00:00:00+05:30,71.27158420066743,74.35951980998442,70.97274853537267,73.76185607910156,2901094,0.0,0.0
2022-06-10 00:00:00+05:30,73.36340399749986,76.84978429174909,72.01865883251635,75.25601196289062,4422472,0.0,0.0
2022-06-13 00:00:00+05:30,73.7120343889509,73.7120343889509,68.9307101995152,69.72760009765625,2556109,0.0,0.0
2022-06-14 00:00:00+05:30,68.98052552144776,70.52449700260446,66.78908948339249,67.63578033447266,3063140,0.0,0.0
2022-06-15 00:00:00+05:30,66.88870283053257,70.12605620744131,66.88870283053257,68.48247528076172,1417167,0.0,0.0
2022-06-16 00:00:00+05:30,69.82721723785049,70.72371657351229,67.58597269854904,70.22566223144531,3445668,0.0,0.0
2022-06-17 00:00:00+05:30,70.22565866657916,72.06845811873974,68.63188637281073,70.87313079833984,2495091,0.0,0.0
2022-06-20 00:00:00+05:30,70.02644709058963,71.12216517883861,68.2334483282138,69.27936553955078,1714641,0.0,0.0
2022-06-21 00:00:00+05:30,69.72761502231124,70.17586093614334,66.98831586072045,68.23345184326172,2077577,0.0,0.0
2022-06-22 00:00:00+05:30,68.43266350827356,71.22177086161798,68.23344481148017,70.02644348144531,1670263,0.0,0.0
2022-06-23 00:00:00+05:30,70.27599704544546,72.5719411932183,69.97652242723532,71.9729995727539,1363834,0.15,0.0
2022-06-24 00:00:00+05:30,72.27247636599638,74.46859824577652,71.6735347275069,74.01939392089844,2082113,0.0,0.0
2022-06-27 00:00:00+05:30,75.61657677846551,77.71287639368714,75.36701711913064,76.71463775634766,2253180,0.0,0.0
2022-06-28 00:00:00+05:30,76.61481417633568,76.61481417633568,71.47388375401572,71.923095703125,3160042,0.0,0.0
2022-06-29 00:00:00+05:30,71.47387938310054,72.621855250457,69.52731723720258,70.12625885009766,2473409,0.0,0.0
2022-06-30 00:00:00+05:30,70.37582855008542,70.62538822579494,68.72873316721117,69.32767486572266,1920431,0.0,0.0
2022-07-01 00:00:00+05:30,69.47740936279297,70.27600333889956,68.02996634905092,69.47740936279297,1174496,0.0,0.0
2022-07-04 00:00:00+05:30,69.97652178079443,72.47211818963842,69.77687711446924,71.87317657470703,1033340,0.0,0.0
2022-07-05 00:00:00+05:30,72.47212897390483,72.87142598192871,70.32591421973883,71.17442321777344,1156157,0.0,0.0
2022-07-06 00:00:00+05:30,71.2243240987182,72.62185969157552,70.67529742663744,71.923095703125,754022,0.0,0.0
2022-07-07 00:00:00+05:30,72.57194622250434,73.57018486444225,70.92485855607191,71.5737075805664,1192886,0.0,0.0
2022-07-08 00:00:00+05:30,71.82327498447192,71.82327498447192,69.62715278182243,69.82679748535156,956326,0.0,0.0
2022-07-11 00:00:00+05:30,70.17618126515187,70.87494528495895,69.62714695247729,70.67530059814453,759300,0.0,0.0
2022-07-12 00:00:00+05:30,70.6753032073196,71.62362692863302,68.87847049582827,69.32767486572266,1197937,0.0,0.0
2022-07-13 00:00:00+05:30,70.02644980483795,70.5754765475217,69.52733043005786,69.82679748535156,694393,0.0,0.0
2022-07-14 00:00:00+05:30,69.87670700868831,70.22608902054043,68.82855335717532,69.57723236083984,474369,0.0,0.0
2022-07-15 00:00:00+05:30,69.72696837001035,70.026443012212,68.52908503311676,69.3775863647461,556623,0.0,0.0
2022-07-18 00:00:00+05:30,70.07635116334723,75.31710414911763,69.72696915415385,72.97124481201172,6514844,0.0,0.0
2022-07-19 00:00:00+05:30,72.82150645149306,74.3687794049587,72.62186176792946,73.969482421875,1481079,0.0,0.0
2022-07-20 00:00:00+05:30,74.66825309181309,75.01763509156166,72.47212352090305,72.6717758178711,1667663,0.0,0.0
2022-07-21 00:00:00+05:30,72.87142246880741,73.81974615318322,72.47212548003358,72.97124481201172,1294721,0.0,0.0
2022-07-22 00:00:00+05:30,73.62009910779446,74.26895574176629,72.47212315783759,73.76983642578125,1010706,0.0,0.0
2022-07-25 00:00:00+05:30,73.86966312689793,74.0194004537249,72.97124678189294,73.27072143554688,613503,0.0,0.0
2022-07-26 00:00:00+05:30,73.47035743189285,73.76983205010299,71.82326226364883,71.9729995727539,649099,0.0,0.0
2022-07-27 00:00:00+05:30,73.27072432455998,73.27072432455998,70.92486483163128,71.37406921386719,524123,0.0,0.0
2022-07-28 00:00:00+05:30,67.38110842127932,70.27600200997743,66.88198909964022,69.27776336669922,4075745,0.0,0.0
2022-07-29 00:00:00+05:30,69.37758833756375,70.27600467375952,68.87846899700574,69.67706298828125,1357798,0.0,0.0
2022-08-01 00:00:00+05:30,70.37582853973069,73.57018934195982,70.02644651698014,72.8215103149414,1606344,0.0,0.0
2022-08-02 00:00:00+05:30,72.87142572965675,74.86790314690762,72.22256904585883,73.47036743164062,2104749,0.0,0.0
2022-08-03 00:00:00+05:30,73.86966179476302,74.36878113121412,71.02468310018308,73.0710678100586,1849713,0.0,0.0
2022-08-04 00:00:00+05:30,74.36877808177204,74.76807505775135,72.02291881983359,73.76983642578125,1352266,0.0,0.0
2022-08-05 00:00:00+05:30,74.81798308626497,76.66473066462581,73.07106546475552,73.86965942382812,2235433,0.0,0.0
2022-08-08 00:00:00+05:30,73.86966378348214,74.51852046152842,73.27072208680744,73.37054443359375,528276,0.0,0.0
2022-08-10 00:00:00+05:30,73.52027760341284,73.67001492310152,72.5719463226888,73.32062530517578,785864,0.0,0.0
2022-08-11 00:00:00+05:30,73.76983930306379,75.61657932104654,73.57018699930882,75.36701965332031,1267753,0.0,0.0
2022-08-12 00:00:00+05:30,76.3652512659396,76.3652512659396,74.56841877800571,75.46683502197266,1094913,0.0,0.0
2022-08-16 00:00:00+05:30,75.86613908598694,79.21023711461214,75.06754510185705,78.86085510253906,2740601,0.0,0.0
2022-08-17 00:00:00+05:30,79.55961780370617,82.25486674335839,78.11217479949119,78.66120910644531,3117513,0.0,0.0
2022-08-18 00:00:00+05:30,78.66121519569458,79.80918364571706,77.91253614605012,79.0105972290039,1064766,0.0,0.0
2022-08-19 00:00:00+05:30,79.5097092944209,80.85732993684367,77.21375737328844,77.91252899169922,1418644,0.0,0.0
2022-08-22 00:00:00+05:30,77.91252935763215,78.06225906174959,76.36525641012929,76.81446075439453,823133,0.0,0.0
2022-08-23 00:00:00+05:30,76.36525133076128,79.11040742435074,76.36525133076128,77.76278686523438,972214,0.0,0.0
2022-08-24 00:00:00+05:30,77.76279363236208,78.96067698560721,77.1638519557395,78.21199798583984,921033,0.0,0.0
2022-08-25 00:00:00+05:30,78.66121041448491,79.85909377472309,78.36173576644704,78.86085510253906,1200532,0.0,0.0
2022-08-26 00:00:00+05:30,79.60952739226512,79.65944236804707,77.46331290489373,77.86260986328125,888182,0.0,0.0
2022-08-29 00:00:00+05:30,76.864376783415,76.864376783415,74.96772180712642,75.81622314453125,903816,0.0,0.0
2022-08-30 00:00:00+05:30,76.1656158393515,77.81270360121769,76.1656158393515,76.8643798828125,840103,0.0,0.0
2022-09-01 00:00:00+05:30,76.3652561301052,77.6130544328847,74.96772050780088,75.6165771484375,1302817,0.0,0.0
2022-09-02 00:00:00+05:30,75.81622375610023,76.56490275678308,73.86966140070749,74.16913604736328,1514655,0.0,0.0
2022-09-05 00:00:00+05:30,74.76807838359711,75.2172827415827,73.7698397072232,74.26895904541016,1574089,0.0,0.0
2022-09-06 00:00:00+05:30,74.4685989098501,75.76631215144644,73.96947960399862,74.11921691894531,1281136,0.0,0.0
2022-09-07 00:00:00+05:30,73.86965726601957,74.41869154883868,73.52027527511477,74.11921691894531,1142501,0.0,0.0
2022-09-08 00:00:00+05:30,74.71816304299685,78.51147304130357,74.46860337510711,77.11393737792969,2390529,0.0,0.0
2022-09-09 00:00:00+05:30,77.66296922686784,78.0622585900435,75.36701730882568,76.16561126708984,993266,0.0,0.0
2022-09-12 00:00:00+05:30,76.3652566734465,82.70407057347592,76.3652566734465,82.05521392822266,5220917,0.0,0.0
2022-09-13 00:00:00+05:30,82.8538077992095,85.4991417400864,82.8538077992095,84.35116577148438,4769308,0.0,0.0
2022-09-14 00:00:00+05:30,82.65416908700752,85.44923293426602,81.15681100656141,84.70055389404297,3225173,0.0,0.0
2022-09-15 00:00:00+05:30,85.34940861591869,85.34940861591869,83.35293122139427,84.40108489990234,1205921,0.0,0.0
2022-09-16 00:00:00+05:30,84.55081619179329,84.55081619179329,79.85909727336585,80.557861328125,2011511,0.0,0.0
2022-09-19 00:00:00+05:30,80.85732784970027,83.25310204991966,78.96067295719506,79.90900421142578,1386897,0.0,0.0
2022-09-20 00:00:00+05:30,80.55785139188444,83.55256717025868,80.50794403181851,81.3564453125,1232346,0.0,0.0
2022-09-21 00:00:00+05:30,81.80565097864674,82.35468526009653,78.36173082324336,79.26014709472656,1265046,0.0,0.0
2022-09-22 00:00:00+05:30,78.86085046991417,79.85908908345738,77.36349254959934,78.1620864868164,1122232,0.0,0.0
2022-09-23 00:00:00+05:30,78.3617350518507,79.11041404916138,76.46508006880568,77.01411437988281,806434,0.0,0.0
2022-09-26 00:00:00+05:30,76.66473036575508,76.66473036575508,71.97300420241756,72.6717758178711,1078604,0.0,0.0
2022-09-27 00:00:00+05:30,72.8714201338169,74.56842276178351,72.8714201338169,73.76983642578125,600943,0.0,0.0
2022-09-28 00:00:00+05:30,73.27071364337475,74.86789385577339,72.42221236953385,73.81974029541016,789389,0.0,0.0
2022-09-29 00:00:00+05:30,74.36878113121412,74.66825577946746,72.87142312186081,73.0710678100586,907621,0.0,0.0
2022-09-30 00:00:00+05:30,73.32062662882271,73.81974595949123,72.07282830215141,73.52027893066406,675290,0.0,0.0
2022-10-03 00:00:00+05:30,73.5701851631367,74.56842380912747,72.52203915442028,72.77159881591797,532213,0.0,0.0
2022-10-04 00:00:00+05:30,74.26895373795215,76.26543094802636,73.37053747022752,75.76631164550781,942364,0.0,0.0
2022-10-06 00:00:00+05:30,76.16561126708984,77.61305424849267,75.86613662875168,76.16561126708984,535490,0.0,0.0
2022-10-07 00:00:00+05:30,75.86613864309341,79.75927096507506,75.71640131994862,78.21199798583984,841351,0.0,0.0
2022-10-10 00:00:00+05:30,77.71287800140527,79.1603286250661,76.61481700080653,78.11217498779297,817853,0.0,0.0
2022-10-11 00:00:00+05:30,78.11217472095032,78.76103136961918,76.36525707543386,76.91429138183594,592658,0.0,0.0
2022-10-12 00:00:00+05:30,77.21375812281283,77.3135804647101,74.86789881642288,75.71640014648438,732787,0.0,0.0
2022-10-13 00:00:00+05:30,75.61658086657023,77.36349857635898,75.36702119374327,76.76455688476562,494629,0.0,0.0
2022-10-14 00:00:00+05:30,77.21375726936058,78.0622585900435,75.86613662875168,76.16561126708984,392753,0.0,0.0
2022-10-17 00:00:00+05:30,76.26543350041301,76.26543350041301,74.36877856417564,74.41869354248047,471151,0.0,0.0
2022-10-18 00:00:00+05:30,74.86789863410873,76.66473124770994,74.61833897199503,76.26543426513672,413346,0.0,0.0
2022-10-19 00:00:00+05:30,76.26543276142162,77.7627907045806,75.91605076454246,76.61481475830078,404139,0.0,0.0
2022-10-20 00:00:00+05:30,75.66649175671505,77.3634943938096,74.21904116299896,76.71463775634766,433404,0.0,0.0
2022-10-21 00:00:00+05:30,76.71463526590674,81.85556560450271,76.71463526590674,78.062255859375,4270500,0.0,0.0
2022-10-24 00:00:00+05:30,79.16032975057693,79.50971176265001,78.46155811047412,78.86085510253906,194462,0.0,0.0
2022-10-25 00:00:00+05:30,79.01058576266186,79.16032307405168,76.36525198129507,77.86260986328125,746133,0.0,0.0
2022-10-27 00:00:00+05:30,77.86261316773239,79.11041145567681,77.86261316773239,78.36173248291016,599847,0.0,0.0
2022-10-28 00:00:00+05:30,78.36173596400442,79.90900895617318,78.16209127544697,78.31182098388672,547287,0.0,0.0
2022-10-31 00:00:00+05:30,78.71111731901809,79.26015163189682,77.86261597580639,78.21199798583984,512339,0.0,0.0
2022-11-01 00:00:00+05:30,78.51146579984967,78.56137315925046,77.26366757549084,77.76278686523438,518847,0.0,0.0
2022-11-02 00:00:00+05:30,77.66297324479451,80.75751166524167,77.46332093692116,78.511474609375,1004143,0.0,0.0
2022-11-03 00:00:00+05:30,78.81093767601011,79.260149634122,77.86261401325687,77.91252899169922,498248,0.0,0.0
2022-11-04 00:00:00+05:30,78.31182098388672,79.5596193272626,77.86261662665409,78.31182098388672,548641,0.0,0.0
2022-11-07 00:00:00+05:30,78.7111173765909,80.20847537722088,78.36173536630191,79.95891571044922,723326,0.0,0.0
2022-11-09 00:00:00+05:30,77.86262122136746,77.86262122136746,73.67002158659976,77.26367950439453,1722338,0.0,0.0
2022-11-10 00:00:00+05:30,76.6647315190771,78.16208949705941,76.36525687709802,77.46331787109375,417407,0.0,0.0
2022-11-11 00:00:00+05:30,77.86261052487207,78.36172982310843,77.21375391397359,77.96243286132812,633294,0.0,0.0
2022-11-14 00:00:00+05:30,77.96243502224627,78.5613766735398,77.06401873732781,77.71287536621094,948792,0.0,0.0
2022-11-15 00:00:00+05:30,77.96243352207294,78.16208581263322,77.46331421960646,78.062255859375,642617,0.0,0.0
2022-11-16 00:00:00+05:30,78.11218020484417,79.95892032227846,78.06226522222822,78.91077423095703,1042920,0.0,0.0
2022-11-17 00:00:00+05:30,78.86085530135477,79.75927163177674,77.9125316067718,78.31182098388672,762989,0.0,0.0
2022-11-18 00:00:00+05:30,78.36173993023596,78.71112196087361,76.86438184239705,77.16385650634766,567080,0.0,0.0
2022-11-21 00:00:00+05:30,77.51323122424515,77.81269824398642,75.91605093775598,76.06578063964844,333551,0.0,0.0
2022-11-22 00:00:00+05:30,76.06578327180196,77.01411457368926,75.86613858506601,76.46508026123047,404927,0.0,0.0
2022-11-23 00:00:00+05:30,76.86437309103188,77.51322971174481,76.26543144728001,76.41516876220703,378397,0.0,0.0
2022-11-24 00:00:00+05:30,76.71463796535916,82.45451014569963,76.5149932837299,80.2084732055664,6081881,0.0,0.0
2022-11-25 00:00:00+05:30,80.65768498362631,81.55609366491464,79.26014936746299,80.75750732421875,1008346,0.0,0.0
2022-11-28 00:00:00+05:30,80.75750816489007,81.45627217226755,79.95891419992455,80.30829620361328,554617,0.0,0.0
2022-11-29 00:00:00+05:30,80.75750547986851,83.85204366329901,80.45803084897425,82.20494842529297,3441177,0.0,0.0
2022-11-30 00:00:00+05:30,82.8538100890484,83.8021337846488,81.60601174433381,81.80565643310547,1067933,0.0,0.0
2022-12-01 00:00:00+05:30,82.2548701686496,82.3546925151736,80.65768977639519,80.9072494506836,1041462,0.0,0.0
2022-12-02 00:00:00+05:30,80.90724398359697,81.15680364102207,80.35820969087924,80.65768432617188,761880,0.0,0.0
2022-12-05 00:00:00+05:30,80.85732378690702,81.45626540287812,78.86084665636609,79.31005096435547,1427928,0.0,0.0
2022-12-06 00:00:00+05:30,79.31005479962613,80.05873375978354,77.86261185637095,78.1620864868164,1004235,0.0,0.0
2022-12-07 00:00:00+05:30,78.46156223528465,80.65769199911648,78.16209518746012,78.91077423095703,782554,0.0,0.0
2022-12-08 00:00:00+05:30,79.35997009277344,79.75926706297236,78.41164645251274,79.35997009277344,613264,0.0,0.0
2022-12-09 00:00:00+05:30,79.06050132012388,79.6594506277871,77.91253291766859,78.511474609375,693457,0.0,0.0
2022-12-12 00:00:00+05:30,78.61128834273558,80.25838352644122,77.86260940613809,79.50970458984375,1113360,0.0,0.0
2022-12-13 00:00:00+05:30,79.65944275113702,83.2531001619949,79.5097054390271,81.3564453125,2971305,0.0,0.0
2022-12-14 00:00:00+05:30,82.20495276895139,82.85380942620334,80.90724707040411,81.7058334350586,1100842,0.0,0.0
2022-12-15 00:00:00+05:30,81.50618107357577,81.90547802628508,78.56137271130615,79.40988159179688,969926,0.0,0.0
2022-12-16 00:00:00+05:30,79.06050044543983,79.75927209133047,77.71287975002056,78.96067810058594,790351,0.0,0.0
2022-12-19 00:00:00+05:30,79.31005935701202,79.70935634856532,75.11745998559408,75.36701965332031,2486074,0.0,0.0
2022-12-20 00:00:00+05:30,76.31534354496252,76.31534354496252,73.91957682125658,74.81798553466797,1213114,0.0,0.0
2022-12-21 00:00:00+05:30,74.9677175471771,75.76631147580049,73.86965660728704,74.01939392089844,991040,0.0,0.0
2022-12-22 00:00:00+05:30,74.46860436252734,75.01763868554738,71.42398094347617,72.62186431884766,1340261,0.0,0.0
2022-12-23 00:00:00+05:30,72.32238405584964,72.82150335952274,66.98180902973871,68.32942962646484,1242902,0.0,0.0
2022-12-26 00:00:00+05:30,68.67881685222179,72.5719411932183,68.27951989992688,71.9729995727539,872514,0.0,0.0
2022-12-27 00:00:00+05:30,72.8215060793679,75.61657733071418,72.77159871671027,75.06754302978516,1003649,0.0,0.0
2022-12-28 00:00:00+05:30,75.06753857759301,76.31533680937451,74.86789390689037,76.11569213867188,822683,0.0,0.0
2022-12-29 00:00:00+05:30,76.36525461375362,76.51499193030519,75.36701599135161,75.96595764160156,452216,0.0,0.0
2022-12-30 00:00:00+05:30,77.11394021028433,78.16209390030203,76.11570150206057,76.96420288085938,937380,0.0,0.0
2023-01-02 00:00:00+05:30,77.51323524392174,77.56314260848853,76.36525923549098,76.66473388671875,385089,0.0,0.0
2023-01-03 00:00:00+05:30,76.86437309103188,77.06401776696376,75.86613447946003,76.41516876220703,412569,0.0,0.0
2023-01-04 00:00:00+05:30,76.6148202078683,76.8643798828125,74.61834280831474,75.11746215820312,431783,0.0,0.0
2023-01-05 00:00:00+05:30,75.56666206691187,75.61657704533758,73.42045508182255,73.86965942382812,688184,0.0,0.0
2023-01-06 00:00:00+05:30,71.7234440656917,73.07106469343978,70.97476509294762,72.02291870117188,1465072,0.0,0.0
2023-01-09 00:00:00+05:30,72.12274019903893,73.12097881771075,71.87318054437097,72.47212219238281,631046,0.0,0.0
2023-01-10 00:00:00+05:30,73.02115979159217,73.71992380997892,72.52204045961405,72.97124481201172,426818,0.0,0.0
2023-01-11 00:00:00+05:30,73.57018648719416,73.71992380997892,72.87142246880741,72.97124481201172,327360,0.0,0.0
2023-01-12 00:00:00+05:30,72.87142096206617,74.81798327014974,72.87142096206617,73.32062530517578,575601,0.0,0.0
2023-01-13 00:00:00+05:30,73.32062814703566,73.62010279802048,72.87142378651518,73.1708984375,221544,0.0,0.0
2023-01-16 00:00:00+05:30,73.12098366124523,73.96948502012977,72.37230464764886,72.62186431884766,361413,0.0,0.0
2023-01-17 00:00:00+05:30,72.82151010233376,73.07106977727796,71.37406703404018,71.62362670898438,406839,0.0,0.0
2023-01-18 00:00:00+05:30,71.87318595039375,73.32062900995645,71.87318595039375,72.72168731689453,494909,0.0,0.0
2023-01-19 00:00:00+05:30,72.87142399004644,74.06930736541793,71.3740659628537,72.62186431884766,547258,0.0,0.0
2023-01-20 00:00:00+05:30,72.62185751795018,72.82150218983017,71.87317857446615,72.17265319824219,194471,0.0,0.0
2023-01-23 00:00:00+05:30,72.47212742070774,72.47212742070774,71.12450671147121,71.5238037109375,293771,0.0,0.0
2023-01-24 00:00:00+05:30,71.8731839509443,72.47212562734417,70.4257409316482,70.67530059814453,469718,0.0,0.0
2023-01-25 00:00:00+05:30,70.92485559282082,71.77335687982625,69.32766773968574,69.97652435302734,537462,0.0,0.0
2023-01-27 00:00:00+05:30,69.97652842971056,70.42574039555848,67.33119446179471,68.27952575683594,559261,0.0,0.0
2023-01-30 00:00:00+05:30,68.07986964653402,69.07810824906946,66.1832223944816,67.13154602050781,1547034,0.0,0.0
2023-01-31 00:00:00+05:30,66.13331084629743,68.32943283933905,66.13331084629743,67.08163452148438,1085438,0.0,0.0
2023-02-01 00:00:00+05:30,67.43102446761259,68.5290854694154,63.38815485193342,64.23665618896484,1861463,0.0,0.0
2023-02-02 00:00:00+05:30,64.58603377743525,70.62538029806954,64.28656676977324,69.87670135498047,6530702,0.0,0.0
2023-02-03 00:00:00+05:30,68.97829219431289,70.42574286939178,67.63067148134462,69.22785186767578,2346979,0.0,0.0
2023-02-06 00:00:00+05:30,68.87846390687113,71.37406042523604,67.93014027627494,70.62538146972656,1452832,0.0,0.0
2023-02-07 00:00:00+05:30,70.72521257019805,71.22433193571244,68.87847244098622,69.62715148925781,673610,0.0,0.0
2023-02-08 00:00:00+05:30,69.6770658621417,69.6770658621417,67.4809361035321,67.78041076660156,837151,0.0,0.0
2023-02-09 00:00:00+05:30,67.8802278266879,68.12978748781542,66.88198918217778,66.9818115234375,489550,0.0,0.0
2023-02-10 00:00:00+05:30,66.98181738280725,68.57899783054873,66.88199503281537,67.88023376464844,740680,0.0,0.0
2023-02-13 00:00:00+05:30,67.88022529952518,71.37406042523604,67.88022529952518,70.62538146972656,1422536,0.0,0.0
2023-02-14 00:00:00+05:30,70.6253915313826,70.77512886700809,69.37759309443238,69.82679748535156,688401,0.0,0.0
2023-02-15 00:00:00+05:30,69.82679032875248,70.82502897600244,69.57723066693998,70.47564697265625,360685,0.0,0.0
2023-02-16 00:00:00+05:30,70.47565419575713,71.32415560969183,69.52733043005786,69.82679748535156,528034,0.0,0.0
2023-02-17 00:00:00+05:30,69.72696780685781,71.7234450961935,68.92838146069741,71.0246810913086,818292,0.0,0.0
2023-02-20 00:00:00+05:30,71.02467777067818,71.72344174289366,69.67705718657345,70.52555847167969,319925,0.0,0.0
2023-02-21 00:00:00+05:30,69.82678753746733,71.12450077339955,69.82678753746733,70.62538146972656,305562,0.0,0.0
2023-02-22 00:00:00+05:30,71.27424173199579,71.27424173199579,67.93014374959193,68.27952575683594,592719,0.0,0.0
2023-02-23 00:00:00+05:30,68.37934527666486,69.17793921678944,67.3311916822459,68.42926025390625,434961,0.0,0.0
2023-02-24 00:00:00+05:30,68.42926373466318,69.12802775584868,68.07987410811381,68.37934875488281,271659,0.0,0.0
2023-02-27 00:00:00+05:30,68.27952058802887,68.27952058802887,66.0833911362529,66.93190002441406,356397,0.0,0.0
2023-02-28 00:00:00+05:30,67.28128568181197,67.73049002224512,65.88375006630513,66.33295440673828,620546,0.0,0.0
2023-03-01 00:00:00+05:30,66.4327863987542,68.77864574525593,66.4327863987542,68.37934875488281,620459,0.0,0.0
2023-03-02 00:00:00+05:30,68.32943418503916,68.82855352201082,66.98181349840698,67.28128814697266,490133,0.0,0.0
2023-03-03 00:00:00+05:30,67.68058906466467,68.32943814759047,67.28129204874001,67.88023376464844,405665,0.0,0.0
2023-03-06 00:00:00+05:30,67.93014076744586,69.52732102755661,67.93014076744586,68.97828674316406,459818,0.0,0.0
2023-03-08 00:00:00+05:30,68.97828510008237,70.17617597859852,68.37934346880232,69.87670135498047,466215,0.0,0.0
2023-03-09 00:00:00+05:30,69.826786861519,70.27599880004985,68.07986931557436,68.22960662841797,827127,0.0,0.0
2023-03-10 00:00:00+05:30,68.12978544397612,69.77688068119755,68.02996310571099,68.97828674316406,652248,0.0,0.0
2023-03-13 00:00:00+05:30,69.32767062778602,69.92661990564118,67.38110832262606,67.53084564208984,472404,0.0,0.0
2023-03-14 00:00:00+05:30,68.12978614773404,68.12978614773404,65.8338342641385,66.78216552734375,685038,0.0,0.0
2023-03-15 00:00:00+05:30,67.13155102227611,68.02996735468751,66.48269435909252,66.73225402832031,859496,0.0,0.0
2023-03-16 00:00:00+05:30,66.68234032052875,66.8320700150562,64.43630351114507,64.63594818115234,1161155,0.0,0.0
2023-03-17 00:00:00+05:30,65.08515996678165,65.6341942962509,64.53613325326924,65.18498992919922,372926,0.0,0.0
2023-03-20 00:00:00+05:30,66.83207242807308,66.83207242807308,63.388152242388784,63.83736038208008,382962,0.0,0.0
2023-03-21 00:00:00+05:30,64.28657005618562,68.67882160337032,63.03877175391477,67.53084564208984,3652344,0.0,0.0
2023-03-22 00:00:00+05:30,67.13154752285882,68.42926078157913,66.23313123727986,66.78216552734375,710524,0.0,0.0
2023-03-23 00:00:00+05:30,66.88199377496879,67.23137580134814,65.08516104507937,65.93367004394531,5183621,0.0,0.0
2023-03-24 00:00:00+05:30,65.93366541852309,66.18322507928062,64.78568945584715,65.23489379882812,494360,0.0,0.0
2023-03-27 00:00:00+05:30,65.58427531780914,65.83383497672921,64.08691736428878,64.5860366821289,685295,0.0,0.0
2023-03-28 00:00:00+05:30,64.5860394803246,65.0851588197891,61.89079809359894,62.689388275146484,867521,0.0,0.0
2023-03-29 00:00:00+05:30,62.83912291660729,64.08691740400263,61.94070662074706,63.43806457519531,1059970,0.0,0.0
2023-03-31 00:00:00+05:30,64.08691807407038,65.6841060016132,63.188505576794896,63.53789138793945,730402,0.0,0.0
2023-04-03 00:00:00+05:30,64.33647948926578,67.88022982814732,63.98709747657695,67.28128814697266,1009297,0.0,0.0
2023-04-05 00:00:00+05:30,66.88199185653471,71.87318527866417,66.88199185653471,70.87494659423828,3093696,0.0,0.0
2023-04-06 00:00:00+05:30,71.4738874566064,73.27072011421303,70.57547112780308,73.0710678100586,1338397,0.0,0.0
2023-04-10 00:00:00+05:30,73.57018869380549,74.86790204225396,72.87142465446053,74.4686050415039,1187644,0.0,0.0
2023-04-11 00:00:00+05:30,74.71816644726418,76.26543950505922,73.91958004320627,75.31710815429688,952010,0.0,0.0
2023-04-12 00:00:00+05:30,75.41693096885423,76.5648992918515,74.86789668015061,75.96595764160156,1044400,0.0,0.0
2023-04-13 00:00:00+05:30,76.86438029903277,82.65416783547255,76.36526094644165,81.00707244873047,11405942,0.0,0.0
2023-04-17 00:00:00+05:30,81.00706596511783,82.30477160841532,79.06049607623713,81.75574493408203,2956242,0.0,0.0
2023-04-18 00:00:00+05:30,81.75574841483053,82.35469009231055,80.108653089793,81.7058334350586,986906,0.0,0.0
2023-04-19 00:00:00+05:30,81.6559258776509,82.55433458376265,80.70759457592895,82.25486755371094,1227124,0.0,0.0
2023-04-20 00:00:00+05:30,82.95363110452335,83.55257277720001,81.35645077206672,81.60601043701172,980685,0.0,0.0
2023-04-21 00:00:00+05:30,81.90548107070842,84.1515179452329,81.90548107070842,83.30300903320312,1977933,0.0,0.0
2023-04-24 00:00:00+05:30,83.70231455416736,83.90196686632319,82.85381317138672,82.85381317138672,642056,0.0,0.0
2023-04-25 00:00:00+05:30,86.7469347743348,86.7469347743348,84.45098297677139,85.29948425292969,3964109,0.0,0.0
2023-04-26 00:00:00+05:30,85.29948822684942,88.19438178857051,85.09984354643682,85.8984375,2728169,0.0,0.0
2023-04-27 00:00:00+05:30,86.89667510986328,88.84323737679252,83.90195924322983,86.89667510986328,6656945,0.0,0.0
2023-04-28 00:00:00+05:30,87.84499857035944,89.74165347177437,86.99649726645063,87.4457015991211,3243510,0.0,0.0
2023-05-02 00:00:00+05:30,88.34411901673907,104.81505646053787,88.04464438046926,100.87201690673828,46222700,0.0,0.0
2023-05-03 00:00:00+05:30,101.17148716275331,103.81682114788595,98.82562782346835,99.62422180175781,8650396,0.0,0.0
2023-05-04 00:00:00+05:30,101.32122179762501,101.32122179762501,98.17676856347296,99.22492218017578,4473654,0.0,0.0
2023-05-05 00:00:00+05:30,99.12510386049257,99.12510386049257,92.73637479238377,94.0340805053711,3625210,0.0,0.0
2023-05-08 00:00:00+05:30,93.83443927729985,96.18029873604094,92.4868185342747,95.73109436035156,2824133,0.0,0.0
2023-05-09 00:00:00+05:30,95.83091473808312,96.67941610580186,94.68293871542514,95.4316177368164,2987973,0.0,0.0
2023-05-10 00:00:00+05:30,90.64007477462552,92.28716249630511,88.79332713233099,89.34236145019531,3997892,0.0,0.0
2023-05-11 00:00:00+05:30,89.94130618309197,94.73285503402703,89.69174650577153,92.13743591308594,6273985,0.0,0.0
2023-05-12 00:00:00+05:30,91.83795994945821,93.83443733966382,90.24077956048508,93.68470001220703,2339211,0.0,0.0
2023-05-15 00:00:00+05:30,93.83442987817992,94.63302381714266,91.68821533117924,93.13566589355469,1975763,0.0,0.0
2023-05-16 00:00:00+05:30,93.63479397700851,94.33355802712295,91.8878762357655,92.13743591308594,893211,0.0,0.0
2023-05-17 00:00:00+05:30,92.13742744340122,94.23372701700022,91.33883350300339,92.58663177490234,1161774,0.0,0.0
2023-05-18 00:00:00+05:30,93.13566405070952,93.13566405070952,91.43865386798093,92.28715515136719,851476,0.0,0.0
2023-05-19 00:00:00+05:30,91.88787492242106,93.13567329118855,91.48857792122409,91.93778228759766,684972,0.0,0.0
2023-05-22 00:00:00+05:30,92.28716561036197,95.83091607406702,92.08752091492377,93.88435363769531,2771413,0.0,0.0
2023-05-23 00:00:00+05:30,93.8344287071643,93.93425104429986,90.14094892145626,92.3869857788086,520248,0.0,0.0
2023-05-24 00:00:00+05:30,92.33707379946263,92.33707379946263,90.88963082412388,91.68821716308594,628828,0.0,0.0
2023-05-25 00:00:00+05:30,91.68821991474596,96.8291505659218,90.93954091552492,95.58135223388672,5122056,0.0,0.0
2023-05-26 00:00:00+05:30,95.48152887782254,95.48152887782254,92.33707559125341,92.5367202758789,865726,0.0,0.0
2023-05-29 00:00:00+05:30,91.23901253148581,91.53847955165475,89.34235760659038,90.4903335571289,1532011,0.0,0.0
2023-05-30 00:00:00+05:30,90.49033516701788,90.54024252995573,87.34588189558549,87.84500122070312,2128117,0.0,0.0
2023-05-31 00:00:00+05:30,88.0945615002461,92.63655043700969,88.04464652100215,91.9876937866211,3403300,0.0,0.0
2023-06-01 00:00:00+05:30,92.53671372657554,96.62949801533956,92.13742438558432,96.13037872314453,3935892,0.0,0.0
2023-06-02 00:00:00+05:30,96.5795878568512,99.27482912275286,95.58134922267186,96.28011322021484,3417820,0.0,0.0
2023-06-05 00:00:00+05:30,96.72932250861889,104.41575673352428,96.4298478802382,98.17676544189453,12950776,0.0,0.0
2023-06-06 00:00:00+05:30,98.42632708770289,99.07518371836963,95.93073052048955,98.47624206542969,3080890,0.0,0.0
2023-06-07 00:00:00+05:30,98.62598526848983,98.87554494010448,97.0287972773907,97.62774658203125,1467189,0.0,0.0
2023-06-08 00:00:00+05:30,97.32826532952599,99.02526793504292,96.33002671076163,96.62950134277344,1374254,0.0,0.0
2023-06-09 00:00:00+05:30,97.0787151033767,97.1785374517569,95.23197500249358,95.73109436035156,654064,0.0,0.0
2023-06-12 00:00:00+05:30,96.47976789462342,96.47976789462342,94.43337559773447,95.48152923583984,930590,0.0,0.0
2023-06-13 00:00:00+05:30,95.980647231363,96.92897089764564,94.8326712665243,95.28187561035156,918978,0.0,0.0
2023-06-14 00:00:00+05:30,95.78099638551964,96.2801157155452,92.48681337692499,93.18557739257812,17946744,0.0,0.0
2023-06-15 00:00:00+05:30,93.88434836333343,94.9324943794352,92.83619473127513,93.08575439453125,2218106,0.0,0.0
2023-06-16 00:00:00+05:30,93.68469156156786,94.63302280594732,92.93601260777383,94.13390350341797,872684,0.0,0.0
2023-06-19 00:00:00+05:30,94.83267378517691,95.28187814093455,91.83795777090816,92.18733978271484,947224,0.0,0.0
2023-06-20 00:00:00+05:30,91.83795394489472,93.98416852223298,91.83795394489472,93.33531188964844,837871,0.0,0.0
2023-06-21 00:00:00+05:30,93.68469759082164,94.4333765927983,92.43689925419386,92.73637390136719,1139554,0.0,0.0
2023-06-22 00:00:00+05:30,92.8361957829173,93.33531511508353,91.63831243210102,92.08751678466797,1038937,0.0,0.0
2023-06-23 00:00:00+05:30,91.98769245927114,93.08575344318444,90.7398941557432,91.78804016113281,818213,0.0,0.0
2023-06-26 00:00:00+05:30,91.78803700548431,94.0839888514241,91.43865501569944,93.03583526611328,983780,0.0,0.0
2023-06-27 00:00:00+05:30,93.13577122308718,93.7353638520496,92.13646034033243,92.53618621826172,416742,0.1,0.0
2023-06-28 00:00:00+05:30,93.1357690172542,94.98450020587461,92.93590989509153,93.18573760986328,1534605,0.0,0.0
2023-06-30 00:00:00+05:30,93.53549286243035,93.6354224213501,92.18642475667224,92.38628387451172,696455,0.0,0.0
2023-07-03 00:00:00+05:30,92.43625667308649,94.28498028172082,92.43625667308649,94.08512115478516,1243198,0.0,0.0
2023-07-04 00:00:00+05:30,94.38490664668329,95.98381010453308,93.9352198142485,94.33494567871094,1332700,0.0,0.0
2023-07-05 00:00:00+05:30,94.28497600070676,98.03239164162623,93.73535961452055,96.93315124511719,3601318,0.0,0.0
2023-07-06 00:00:00+05:30,97.73260184208324,98.6319754862626,94.68470077282834,94.9844970703125,2323785,0.0,0.0
2023-07-07 00:00:00+05:30,95.03445828879096,96.73329127213884,92.73604795716015,95.08442687988281,5478809,0.0,0.0
2023-07-10 00:00:00+05:30,95.43418374333356,98.93177162921491,95.08442647957274,96.4334945678711,3761929,0.0,0.0
2023-07-11 00:00:00+05:30,96.88318205315355,96.88318205315355,94.93452898160679,95.18435668945312,1535650,0.0,0.0
2023-07-12 00:00:00+05:30,95.28428692402971,99.23156931049897,95.28428692402971,98.48208618164062,5286096,0.0,0.0
2023-07-13 00:00:00+05:30,99.38146018204833,99.83115463540682,95.08442813615504,95.5840835571289,1428993,0.0,0.0
2023-07-14 00:00:00+05:30,95.98381275724742,104.32805705291351,95.93384416375736,103.07891845703125,23211300,0.0,0.0
2023-07-17 00:00:00+05:30,104.82770667972748,105.62715076228962,101.72984465850911,102.32942962646484,5209080,0.0,0.0
2023-07-18 00:00:00+05:30,102.67919278264621,102.82909093927309,99.23157330091287,100.08098602294922,2268026,0.0,0.0
2023-07-19 00:00:00+05:30,100.38076820823704,101.7298439063332,98.73191146458433,99.03170013427734,1954341,0.0,0.0
2023-07-20 00:00:00+05:30,99.03170531961605,100.2808439024168,97.68263717501861,99.58132934570312,1863794,0.0,0.0
2023-07-21 00:00:00+05:30,98.88180425091298,100.58063724794134,98.53204698286311,99.93108367919922,1434360,0.0,0.0
2023-07-24 00:00:00+05:30,100.43074110785768,102.2295036997427,99.93108567946038,100.73053741455078,1417560,0.0,0.0
2023-07-25 00:00:00+05:30,101.0303243280662,102.12956472646522,98.98174168199002,100.03101348876953,1489722,0.0,0.0
2023-07-26 00:00:00+05:30,100.43074060566322,103.32874360070373,100.1809128927138,100.53067016601562,1582377,0.0,0.0
2023-07-27 00:00:00+05:30,101.1302559074169,102.6292221963063,100.3807727629722,100.8304672241211,1065633,0.0,0.0
2023-07-28 00:00:00+05:30,100.83046571908343,101.87973753116206,99.93108443434697,100.23088073730469,1120322,0.0,0.0
2023-07-31 00:00:00+05:30,100.78050116981349,114.92075170930791,100.48071247896705,109.5744400024414,29494238,0.0,0.0
2023-08-01 00:00:00+05:30,110.62370524090761,115.87008707040583,110.17401841946239,114.5210189819336,17536946,0.0,0.0
2023-08-02 00:00:00+05:30,114.42109601002525,115.070649608272,108.37526212315952,109.4745101928711,7101332,0.0,0.0
2023-08-03 00:00:00+05:30,109.92419449665461,115.92005965101758,109.32460950604568,114.57099151611328,12531553,0.0,0.0
2023-08-04 00:00:00+05:30,115.7202027806617,116.81944322219101,113.12198839723625,115.47037506103516,5016195,0.0,0.0
2023-08-07 00:00:00+05:30,116.61957420270521,116.91937051007808,113.9214379328966,114.57099151611328,2675875,0.0,0.0
2023-08-08 00:00:00+05:30,115.12061012879917,116.76947460279712,113.42178468536912,113.92144012451172,2550081,0.0,0.0
2023-08-09 00:00:00+05:30,114.82081842058011,119.4176468149909,113.62164082368811,118.81806182861328,5468321,0.0,0.0
2023-08-10 00:00:00+05:30,119.71744533594655,119.91730446039244,116.71951272443674,118.16851043701172,2886968,0.0,0.0
2023-08-11 00:00:00+05:30,118.51826325861167,120.81668122396538,117.51895242569903,117.9186782836914,2314758,0.0,0.0
2023-08-14 00:00:00+05:30,117.51895274831972,117.56892133975717,113.32185028821912,115.02067565917969,1757541,0.0,0.0
2023-08-16 00:00:00+05:30,114.87078074477739,117.41902649713592,113.17195532596293,116.31978607177734,1874216,0.0,0.0
2023-08-17 00:00:00+05:30,116.86940293319626,117.6688546770475,114.6209534807686,114.97071838378906,976371,0.0,0.0
2023-08-18 00:00:00+05:30,114.82081872666268,116.61957369059057,112.6722988642901,114.37112426757812,1352088,0.0,0.0
2023-08-21 00:00:00+05:30,115.17057725414267,117.01930083057486,113.87147007927851,114.87078094482422,1551894,0.0,0.0
2023-08-22 00:00:00+05:30,115.22054187246364,122.91523222207725,114.87077698227854,122.36560821533203,14501926,0.0,0.0
2023-08-23 00:00:00+05:30,124.11440650377985,126.41282454516485,122.41558108128612,125.61337280273438,6114479,0.0,0.0
2023-08-24 00:00:00+05:30,125.91316549452648,126.61268003095252,121.01654086713422,122.6654052734375,2738920,0.0,0.0
2023-08-25 00:00:00+05:30,122.6654056955629,123.31495926684332,119.91730088364602,121.31633758544922,1508548,0.0,0.0
2023-08-28 00:00:00+05:30,122.51551080674923,125.61337297056694,120.61681863404262,122.61544036865234,1956266,0.0,0.0
2023-08-29 00:00:00+05:30,122.9152364300233,123.71468817190583,121.91592556473856,122.51551055908203,987295,0.0,0.0
2023-08-30 00:00:00+05:30,123.86457446194272,124.31426891040789,121.76602324151507,122.36560821533203,1678821,0.0,0.0
2023-08-31 00:00:00+05:30,122.91523818957796,127.71193346126505,122.76534003281206,124.76396179199219,3797450,0.0,0.0
2023-09-01 00:00:00+05:30,124.76395828677202,126.21296359595026,122.91523473629734,123.36492156982422,1682720,0.0,0.0
2023-09-04 00:00:00+05:30,124.61406341511585,128.31151061341336,124.16437656974941,126.21296691894531,2743030,0.0,0.0
2023-09-05 00:00:00+05:30,126.21296461801924,127.51206416102626,123.16506344656315,123.7646484375,1474647,0.0,0.0
2023-09-06 00:00:00+05:30,124.96382683916356,129.4107571430739,124.41420281322549,125.61337280273438,3955487,0.0,0.0
2023-09-07 00:00:00+05:30,126.5627246747007,127.41213739920131,124.11440844039073,124.8638916015625,1180445,0.0,0.0
2023-09-08 00:00:00+05:30,125.56340925472038,126.61268106795335,122.4155785667481,123.06513214111328,1796724,0.0,0.0
2023-09-11 00:00:00+05:30,124.06444331114243,126.06306500725705,123.06513246308512,124.71399688720703,1296945,0.0,0.0
2023-09-12 00:00:00+05:30,124.5141297690645,126.91247732202459,112.72226637189384,116.9693374633789,5062305,0.0,0.0
2023-09-13 00:00:00+05:30,117.76878317865047,121.56616749154841,112.5224011702223,120.66678619384766,2896383,0.0,0.0
2023-09-14 00:00:00+05:30,121.21640636023146,123.91454254337616,120.91661006248802,122.1657485961914,1088940,0.0,0.0
2023-09-15 00:00:00+05:30,122.91523473629734,124.41420101356925,121.76602573222819,123.36492156982422,1135736,0.0,0.0
2023-09-18 00:00:00+05:30,123.91454603133701,124.31427189820093,121.91592432115415,122.01585388183594,902361,0.0,0.0
2023-09-20 00:00:00+05:30,120.91661303326812,125.91316729084117,120.91661303326812,123.36492156982422,1894544,0.0,0.0
2023-09-21 00:00:00+05:30,122.96520250405257,125.01378516143984,121.0165417821827,121.51619720458984,1008317,0.0,0.0
2023-09-22 00:00:00+05:30,122.3156511386141,122.41558070007251,118.7680945258144,120.86664581298828,864018,0.0,0.0
2023-09-25 00:00:00+05:30,121.81599550932411,123.314961801176,119.91730334815102,122.3156509399414,875527,0.0,0.0
2023-09-26 00:00:00+05:30,122.71537685552673,125.81323900169451,122.56547870145766,123.86457824707031,1883381,0.0,0.0
2023-09-27 00:00:00+05:30,124.31426773892777,124.31426773892777,122.11577935680099,123.41488647460938,568535,0.0,0.0
2023-09-28 00:00:00+05:30,123.86457866100106,124.06444540847335,120.41695922657543,120.96658325195312,1135806,0.0,0.0
2023-09-29 00:00:00+05:30,122.16575423838162,123.06513554901304,120.91661564698713,121.36630249023438,619939,0.0,0.0
2023-10-03 00:00:00+05:30,121.91592093733622,122.01585049524444,116.91936680056014,119.16781616210938,1973969,0.0,0.0
2023-10-04 00:00:00+05:30,118.16851142830559,120.36699231220068,117.5189578322021,118.5682373046875,842481,0.0,0.0
2023-10-05 00:00:00+05:30,119.11785221482123,121.71606656654379,117.41902679174436,117.9686508178711,1019747,0.0,0.0
2023-10-06 00:00:00+05:30,119.06788786143863,120.16712825830894,118.36836570042179,119.66747283935547,668923,0.0,0.0
2023-10-09 00:00:00+05:30,117.81875040834053,118.51826495171773,115.57030100216662,117.06926727294922,827096,0.0,0.0
2023-10-10 00:00:00+05:30,117.61888391505788,119.41764649348472,116.91936937019007,117.16919708251953,940899,0.0,0.0
2023-10-11 00:00:00+05:30,118.16851033477735,125.11371782911162,118.16851033477735,124.2643051147461,8361290,0.0,0.0
2023-10-12 00:00:00+05:30,124.26429911782706,127.6119888447319,123.41488644445367,126.4128189086914,3739250,0.0,0.0
2023-10-13 00:00:00+05:30,125.9131664951397,129.16092674203816,124.76395749833293,127.61199188232422,2752069,0.0,0.0
2023-10-16 00:00:00+05:30,128.46140621774796,132.15885312314552,126.56271417546152,129.76051330566406,4518977,0.0,0.0
2023-10-17 00:00:00+05:30,130.4600314748936,134.15747848401637,129.81047028857697,132.70848083496094,3553491,0.0,0.0
2023-10-18 00:00:00+05:30,133.40799881518632,134.85699650172654,132.00896972092823,132.55857849121094,2260631,0.0,0.0
2023-10-19 00:00:00+05:30,132.40869478931364,139.80358938012407,131.40938388524333,138.45452880859375,9825066,0.0,0.0
2023-10-20 00:00:00+05:30,138.90421071845358,139.95349018001033,135.10682636858212,138.0048370361328,2513421,0.0,0.0
2023-10-23 00:00:00+05:30,139.1040711664227,141.40248923545232,126.36285747206215,127.76189422607422,4448287,0.0,0.0
2023-10-25 00:00:00+05:30,125.06375896523095,144.90007853662416,120.16713409675211,142.1020050048828,30177253,0.0,0.0
2023-10-26 00:00:00+05:30,140.203309344368,141.552369785553,128.26154824418774,131.70916748046875,19381601,0.0,0.0
2023-10-27 00:00:00+05:30,133.7577691785899,147.29841958530676,133.20814513757458,145.59959411621094,30339679,0.0,0.0
2023-10-30 00:00:00+05:30,149.3969742378449,157.891116585816,147.34838391603242,153.09442138671875,50124322,0.0,0.0
2023-10-31 00:00:00+05:30,154.79323962381642,154.79323962381642,148.69745278239245,150.2963409423828,10349975,0.0,0.0
2023-11-01 00:00:00+05:30,150.2963522634614,158.3408080047406,149.89663400542324,151.79531860351562,15327321,0.0,0.0
2023-11-02 00:00:00+05:30,152.294974557871,154.64336126442723,146.3490777721569,148.89732360839844,6768607,0.0,0.0
2023-11-03 00:00:00+05:30,151.19573971095548,154.39353148824162,147.09855898962783,148.09786987304688,4548550,0.0,0.0
2023-11-06 00:00:00+05:30,149.84665195691326,153.14438065859633,146.99862531548868,147.94796752929688,4828378,0.0,0.0
2023-11-07 00:00:00+05:30,148.69746054299063,151.34562824984604,147.89800879713513,148.84735107421875,2841662,0.0,0.0
2023-11-08 00:00:00+05:30,149.49691129236166,156.1922910287594,147.04858747794742,148.4476318359375,5604374,0.0,0.0
2023-11-09 00:00:00+05:30,149.79668350857878,152.64472540096648,148.29771730169531,149.4969024658203,4632093,0.0,0.0
2023-11-10 00:00:00+05:30,149.89662260531333,151.54547935466258,148.34768778873715,148.74742126464844,3247136,0.0,0.0
2023-11-13 00:00:00+05:30,150.2963499305236,159.58994414425717,148.7973836137367,158.54066467285156,9358690,0.0,0.0
2023-11-15 00:00:00+05:30,159.88973174814282,169.83287139157585,159.58993545146046,168.6836700439453,18088053,0.0,0.0
2023-11-16 00:00:00+05:30,169.33321962735525,169.33321962735525,161.48863864345103,162.53790283203125,5669540,0.0,0.0
2023-11-17 00:00:00+05:30,161.88835106628432,164.68642438128208,158.74052811708236,163.2374267578125,4340343,0.0,0.0
2023-11-20 00:00:00+05:30,164.23674194637076,164.53652299846175,159.9896708946518,161.93832397460938,3354167,0.0,0.0
2023-11-21 00:00:00+05:30,162.03824271328844,166.68504715660052,160.6392136702132,165.1860809326172,4376664,0.0,0.0
2023-11-22 00:00:00+05:30,164.98622456141572,165.83562962016103,160.13956092400096,161.73846435546875,3433847,0.0,0.0
2023-11-23 00:00:00+05:30,162.7877240501496,165.18607913133363,160.03961933614704,161.48863220214844,2876370,0.0,0.0
2023-11-24 00:00:00+05:30,162.68780854035592,164.48657111017803,159.68987600674348,160.98898315429688,2374610,0.0,0.0
2023-11-28 00:00:00+05:30,161.98828875386772,163.13749008856684,156.9417661026985,157.44142150878906,3626680,0.0,0.0
2023-11-29 00:00:00+05:30,158.59062723354847,160.58924891323596,154.89318017578125,156.14231872558594,2704080,0.0,0.0
2023-11-30 00:00:00+05:30,156.4920929854521,159.24019795950633,155.1430171716067,156.8418426513672,2712997,0.0,0.0
2023-12-01 00:00:00+05:30,158.84045248065885,161.68849442936346,155.84252000761109,156.6919403076172,2271917,0.0,0.0
2023-12-04 00:00:00+05:30,157.8911126953125,159.19021983676404,153.9938065192312,156.14231872558594,2263354,0.0,0.0
2023-12-05 00:00:00+05:30,156.891800718054,165.2860056125769,156.891800718054,161.73846435546875,9574284,0.0,0.0
2023-12-06 00:00:00+05:30,162.6378392723511,163.2374318758903,157.141629650244,157.69125366210938,2057004,0.0,0.0
2023-12-07 00:00:00+05:30,158.39076308536625,158.99035566954112,155.39283066103755,155.692626953125,1487850,0.0,0.0
2023-12-08 00:00:00+05:30,155.89248981881647,158.0410020086768,150.09648394256482,152.6447296142578,1952401,0.0,0.0
2023-12-11 00:00:00+05:30,153.09441502310568,154.9931147356351,151.19573055884933,153.5940704345703,1498685,0.0,0.0
2023-12-12 00:00:00+05:30,154.8432140019689,163.08752855941256,154.1436994528102,155.5926971435547,4170220,0.0,0.0
2023-12-13 00:00:00+05:30,156.34217701519546,160.18952982751,155.09303847201193,158.8404541015625,1933248,0.0,0.0
2023-12-14 00:00:00+05:30,160.78911310825393,160.78911310825393,155.44280909525136,156.59201049804688,994187,0.0,0.0
2023-12-15 00:00:00+05:30,157.99105784483916,158.8904315467375,153.8938770955822,154.69332885742188,663361,0.0,0.0
2023-12-18 00:00:00+05:30,154.69332441949214,157.79117894137093,153.09442094168307,154.44349670410156,1185670,0.0,0.0
2023-12-19 00:00:00+05:30,155.29290771484375,157.2915295142537,154.5933931347051,155.29290771484375,674815,0.0,0.0
2023-12-20 00:00:00+05:30,155.892499367708,157.0916693901125,143.05134828843012,145.59959411621094,2001926,0.0,0.0
2023-12-21 00:00:00+05:30,144.40041769947874,147.09855394247867,141.2525946240244,144.55030822753906,2386137,0.0,0.0
2023-12-22 00:00:00+05:30,146.349076298252,147.6981520945208,142.40180134569286,145.1998748779297,3166326,0.0,0.0
2023-12-26 00:00:00+05:30,145.19986842323638,146.84872521357886,143.90076127870452,144.1505889892578,1068644,0.0,0.0
2023-12-27 00:00:00+05:30,143.90075925906424,146.6488640365811,142.1019967186713,143.35113525390625,1411250,0.0,0.0
2023-12-28 00:00:00+05:30,143.9007556779505,146.49896986588928,140.8528546781727,141.9521026611328,1391825,0.0,0.0
2023-12-29 00:00:00+05:30,143.35113776272138,145.29979086213697,139.95348698672868,144.35044860839844,1856330,0.0,0.0
2024-01-01 00:00:00+05:30,145.7994492986144,147.29841559811328,144.3504515920869,145.54962158203125,1426474,0.0,0.0
2024-01-02 00:00:00+05:30,146.74880070290666,146.74880070290666,142.10199621920174,143.15127563476562,2011396,0.0,0.0
2024-01-03 00:00:00+05:30,143.15128212653283,148.09786788334466,143.15128212653283,147.2984161376953,1908958,0.0,0.0
2024-01-04 00:00:00+05:30,148.44763479898148,152.69470605401102,148.39766620514985,149.6468048095703,2552918,0.0,0.0
2024-01-05 00:00:00+05:30,151.39559047269506,152.19504218491176,148.64748569513787,150.89593505859375,1041227,0.0,0.0
2024-01-08 00:00:00+05:30,152.04513775767688,152.3949026499533,147.89800388323337,148.3976593017578,1049350,0.0,0.0
2024-01-09 00:00:00+05:30,149.59683818643407,152.19505261716546,147.94798130618764,148.89732360839844,1170663,0.0,0.0
2024-01-10 00:00:00+05:30,149.9465927248776,158.54065669292086,149.74673360902045,156.8917999267578,7080881,0.0,0.0
2024-01-11 00:00:00+05:30,160.88904721177275,161.8883580640198,154.89318209829054,155.39283752441406,2073321,0.0,0.0
2024-01-12 00:00:00+05:30,156.14232059672918,157.2915219770117,153.39421575422674,153.84390258789062,718442,0.0,0.0
2024-01-15 00:00:00+05:30,153.84390258789062,153.84390258789062,153.84390258789062,153.84390258789062,0,0.0,0.0
2024-01-16 00:00:00+05:30,153.04445078990398,154.0937302335102,150.14645542020443,152.2949676513672,865283,0.0,0.0
2024-01-17 00:00:00+05:30,149.99656375119784,152.1450759660228,147.49828664173936,148.79737854003906,1206079,0.0,0.0
2024-01-18 00:00:00+05:30,149.39696770347604,152.39490016575314,143.9007581893013,148.94728088378906,1323471,0.0,0.0
2024-01-19 00:00:00+05:30,149.39697563099446,152.84459509590113,149.39697563099446,150.5961456298828,1183141,0.0,0.0
2024-01-23 00:00:00+05:30,149.8966293459677,150.59614389992748,140.30323896851633,142.2519073486328,1886704,0.0,0.0
2024-01-24 00:00:00+05:30,142.20193802577435,142.20193802577435,133.10820312616494,135.85630798339844,5445542,0.0,0.0
2024-01-25 00:00:00+05:30,136.90557963078172,145.54961195341613,133.8077100507761,137.3052978515625,6819182,0.0,0.0
2024-01-29 00:00:00+05:30,138.90421326770814,156.89180923043295,137.4552155314768,149.84666442871094,12904141,0.0,0.0
2024-01-30 00:00:00+05:30,150.89593955442538,153.29427951425916,149.0971769604133,152.6947021484375,2512732,0.0,0.0
2024-01-31 00:00:00+05:30,152.84458982434194,171.1319812335529,151.39559215698256,163.68711853027344,21295085,0.0,0.0
2024-02-01 00:00:00+05:30,165.78565659605061,166.38524917888725,161.33872655954272,163.0375518798828,4880567,0.0,0.0
2024-02-02 00:00:00+05:30,163.886977734375,165.58580311245473,154.9431487674281,156.14231872558594,3041974,0.0,0.0
2024-02-05 00:00:00+05:30,156.89181128034264,158.79049589079506,150.89594588109387,152.19505310058594,2096442,0.0,0.0
2024-02-06 00:00:00+05:30,152.69470509189034,155.39284141078292,151.1957387760307,152.34494018554688,1415483,0.0,0.0
2024-02-07 00:00:00+05:30,153.44417865190692,155.54272221388246,149.24707627968291,150.0964813232422,1303424,0.0,0.0
2024-02-08 00:00:00+05:30,150.546169959268,152.44486967916646,147.19848783842613,147.79806518554688,1371304,0.0,0.0
2024-02-09 00:00:00+05:30,148.2477757439106,159.88974144345238,147.9979480229052,157.39146423339844,11748437,0.0,0.0
2024-02-12 00:00:00+05:30,158.59063471387833,161.48864543508122,151.49553656529338,152.9445343017578,3456986,0.0,0.0
2024-02-13 00:00:00+05:30,150.59613496584237,154.7932372888825,144.90006643826842,152.3948974609375,1895137,0.0,0.0
2024-02-14 00:00:00+05:30,151.89524435064618,151.89524435064618,147.84803248770135,150.2963409423828,1195420,0.0,0.0
2024-02-15 00:00:00+05:30,151.29565149625807,155.84251876031047,150.2463873377077,153.19435119628906,1653201,0.0,0.0
2024-02-16 00:00:00+05:30,154.29358394531158,158.14093668757278,152.44486808402567,153.19435119628906,1191457,0.0,0.0
2024-02-19 00:00:00+05:30,153.59406891601424,154.0437557322318,151.29565099634638,152.99449157714844,795115,0.0,0.0
2024-02-20 00:00:00+05:30,153.39421973587824,158.69057043765127,151.7953162321556,156.9917449951172,2704753,0.0,0.0
2024-02-21 00:00:00+05:30,157.04169828662128,159.5399754801614,153.0944233704827,153.8938751220703,2029818,0.0,0.0
2024-02-22 00:00:00+05:30,154.3435531604067,155.99242516302283,150.3463098788253,154.94314575195312,1375428,0.0,0.0
2024-02-23 00:00:00+05:30,156.49209200326467,167.8842300885341,156.49209200326467,161.0889129638672,20882224,0.0,0.0
2024-02-26 00:00:00+05:30,161.4386743605858,162.8377034815505,157.19160315618186,158.1409454345703,3322139,0.0,0.0
2024-02-27 00:00:00+05:30,159.19021949532214,164.03686790920491,157.2915197547275,159.04031372070312,2945702,0.0,0.0
2024-02-28 00:00:00+05:30,160.33942299433068,161.4886396219522,149.94659624317296,150.7460479736328,3100364,0.0,0.0
2024-02-29 00:00:00+05:30,150.9459091732459,157.74122610334035,147.2484620232496,154.6433563232422,4130854,0.0,0.0
2024-03-01 00:00:00+05:30,156.64198006204555,158.39077409782595,154.94315461979934,155.44281005859375,1327132,0.0,0.0
2024-03-04 00:00:00+05:30,156.49209301162318,157.34149812750834,152.49484941233035,153.74398803710938,1017514,0.0,0.0
2024-03-05 00:00:00+05:30,152.7946304915463,153.74398804504673,151.29566414173408,152.19505310058594,674024,0.0,0.0
2024-03-06 00:00:00+05:30,149.94659198715215,152.69469674941885,144.6002729867059,146.0492706298828,1636394,0.0,0.0
2024-03-07 00:00:00+05:30,146.89870132938506,148.89732311617942,146.29910869403713,147.14852905273438,631471,0.0,0.0
2024-03-11 00:00:00+05:30,148.69746065336932,157.6412898990993,143.20125086290943,153.49415588378906,6553814,0.0,0.0
2024-03-12 00:00:00+05:30,153.59407564388388,154.8931828074072,146.7987587678397,148.0478973388672,1779160,0.0,0.0
2024-03-13 00:00:00+05:30,147.8980057759384,149.34700345854796,133.15817074083643,135.4565887451172,3559666,0.0,0.0
2024-03-14 00:00:00+05:30,133.7077907631742,148.79737499593048,132.65851135253905,147.39834594726562,2942787,0.0,0.0
2024-03-15 00:00:00+05:30,145.64955982253767,151.7953155956714,144.45038982391083,149.04721069335938,3069696,0.0,0.0
2024-03-18 00:00:00+05:30,149.14713885787918,150.59613648724587,145.99931589586626,146.99862670898438,1064299,0.0,0.0
2024-03-19 00:00:00+05:30,147.8980041334846,147.94797272507623,143.05134046628743,143.9507293701172,856778,0.0,0.0
2024-03-20 00:00:00+05:30,148.89731116573466,149.84665338861328,140.15334155029723,141.0027618408203,3471061,0.0,0.0
2024-03-21 00:00:00+05:30,142.4017953662077,145.3997279002331,140.65300138802618,141.25259399414062,1511414,0.0,0.0
2024-03-22 00:00:00+05:30,141.90214833848853,146.39904740555332,140.45315057764475,141.55238342285156,3496196,0.0,0.0
2024-03-26 00:00:00+05:30,141.90213791317743,144.80013322195418,139.90351625242846,140.45314025878906,1330446,0.0,0.0
2024-03-27 00:00:00+05:30,140.9028304108437,141.70228214368052,136.10613526209644,137.20538330078125,1725832,0.0,0.0
2024-03-28 00:00:00+05:30,138.55443687507233,142.0020713474851,134.90695853978718,137.5051727294922,1875865,0.0,0.0
2024-04-01 00:00:00+05:30,139.90352418794328,156.29221663636415,139.10407242864306,154.49346923828125,9697046,0.0,0.0
2024-04-02 00:00:00+05:30,154.7932517934767,154.7932517934767,150.39628994747807,151.9951934814453,2174049,0.0,0.0
2024-04-03 00:00:00+05:30,152.89456039379647,156.1922892558664,151.44556270769297,155.39283752441406,1831371,0.0,0.0
2024-04-04 00:00:00+05:30,156.14232561170428,157.5913233437261,150.5461785624712,155.842529296875,1461811,0.0,0.0
2024-04-05 00:00:00+05:30,156.34218622233357,159.5899466258744,153.54411267116666,154.8931884765625,2018907,0.0,0.0
2024-04-08 00:00:00+05:30,155.59269905122397,157.64128937966356,152.29497013815944,153.29428100585938,687440,0.0,0.0
2024-04-09 00:00:00+05:30,153.34424032115587,156.29220415285607,151.54547781847126,154.14369201660156,852222,0.0,0.0
2024-04-10 00:00:00+05:30,156.3921462616015,160.33942102493936,152.24501238017186,153.04444885253906,2291690,0.0,0.0
2024-04-12 00:00:00+05:30,151.84528226149612,155.24294833746202,150.5461750926937,151.3456268310547,872880,0.0,0.0
2024-04-15 00:00:00+05:30,149.04720574943306,151.0957960219501,144.3504478491106,148.59751892089844,1227451,0.0,0.0
2024-04-16 00:00:00+05:30,146.34907137550897,149.29703534227102,145.00001087289252,146.29910278320312,826139,0.0,0.0
2024-04-18 00:00:00+05:30,148.3476951018445,149.59683368513433,145.64955881159324,147.0985565185547,936886,0.0,0.0
2024-04-19 00:00:00+05:30,143.90076525151736,146.8487292677791,142.90145438171515,145.74949645996094,936197,0.0,0.0
2024-04-22 00:00:00+05:30,147.39834945805165,150.89593741129357,147.39834945805165,148.79737854003906,681418,0.0,0.0
2024-04-23 00:00:00+05:30,149.89662668062152,161.88835681507126,149.89662668062152,160.98898315429688,8677703,0.0,0.0
2024-04-24 00:00:00+05:30,162.4379842495623,163.28738933634045,158.3907721943116,159.29014587402344,2672689,0.0,0.0
2024-04-25 00:00:00+05:30,159.2901361937965,163.4372851828881,152.894553142065,155.49276733398438,6495892,0.0,0.0
2024-04-26 00:00:00+05:30,157.89111607370813,159.49001955097918,152.04514143622657,152.89456176757812,3243077,0.0,0.0
2024-04-29 00:00:00+05:30,154.8931879714873,154.8931879714873,150.74605387672162,151.595458984375,1783328,0.0,0.0
2024-04-30 00:00:00+05:30,151.99518798632192,154.79324619719438,148.89731821936132,149.79669189453125,1860935,0.0,0.0
2024-05-02 00:00:00+05:30,150.0964813232422,151.3955884320497,147.0985488790432,150.0964813232422,2041758,0.0,0.0
2024-05-03 00:00:00+05:30,151.0958035354468,151.29566266381462,147.2984191033622,148.4976043701172,931589,0.0,0.0
2024-05-06 00:00:00+05:30,148.3976549849332,152.79461644073322,146.04926848687262,149.69676208496094,3241919,0.0,0.0
2024-05-07 00:00:00+05:30,149.3969785672875,149.3969785672875,141.70228773755696,142.50173950195312,1885299,0.0,0.0
2024-05-08 00:00:00+05:30,143.2512161897076,144.7002138699523,140.95279818917803,141.45245361328125,1400226,0.0,0.0
2024-05-09 00:00:00+05:30,141.50242760650053,142.90145674808124,138.5044949474499,139.004150390625,1191325,0.0,0.0
2024-05-10 00:00:00+05:30,139.45383969828038,141.2526023750762,136.75570330722374,140.0034637451172,982236,0.0,0.0
2024-05-13 00:00:00+05:30,139.90352408903058,140.50311672015033,136.70573230236468,139.004150390625,859691,0.0,0.0
2024-05-14 00:00:00+05:30,139.50380632638408,141.45245951199283,138.90421369314717,139.20401000976562,899002,0.0,0.0
2024-05-15 00:00:00+05:30,139.80358545956318,143.60096983819378,139.80358545956318,141.50242614746094,829837,0.0,0.0
2024-05-16 00:00:00+05:30,142.1019925975752,148.7474185612651,141.90213348738834,146.1991729736328,2458811,0.0,0.0
2024-05-17 00:00:00+05:30,146.14921815506995,146.14921815506995,143.90076864499196,144.0506591796875,891128,0.0,0.0
2024-05-21 00:00:00+05:30,145.64955269645438,145.74948987823115,142.40179251625898,143.15127563476562,1018346,0.0,0.0
2024-05-22 00:00:00+05:30,143.90075632870997,145.39972254046737,142.40179011695258,143.70089721679688,705158,0.0,0.0
2024-05-23 00:00:00+05:30,144.90007507451782,146.7488062696056,143.45107737342738,143.8008270263672,666192,0.0,0.0
2024-05-24 00:00:00+05:30,144.1006223373975,145.69952580577268,142.90145236025288,143.40110778808594,1191862,0.0,0.0
2024-05-27 00:00:00+05:30,143.40110485932743,144.9000711122124,141.9021386064425,143.75086975097656,880210,0.0,0.0
2024-05-28 00:00:00+05:30,144.25053305796922,144.25053305796922,141.6023500507405,142.30186462402344,787103,0.0,0.0
2024-05-29 00:00:00+05:30,141.55237996187094,141.75225433636183,139.95349170386115,140.15335083007812,904796,0.0,0.0
2024-05-30 00:00:00+05:30,139.95348769941128,141.30254819898107,138.0547879339921,138.554443359375,502796,0.0,0.0
2024-05-31 00:00:00+05:30,138.70435104895734,140.0534115671333,135.30668496052894,136.25604248046875,861440,0.0,0.0
2024-06-03 00:00:00+05:30,139.3039224292147,140.80288866158762,136.10613084980707,136.95555114746094,911889,0.0,0.0
2024-06-04 00:00:00+05:30,136.9555551925132,137.90489745140076,125.91316723823547,127.91178894042969,2367415,0.0,0.0
2024-06-05 00:00:00+05:30,130.2601805600875,132.40869287344125,122.56548213560153,129.91041564941406,1917274,0.0,0.0
2024-06-06 00:00:00+05:30,132.90833715558267,135.70641046114423,131.4593395369997,134.60716247558594,1983706,0.0,0.0
2024-06-07 00:00:00+05:30,134.40730599714323,140.25328042420927,133.0582302837363,137.15541076660156,1508264,0.0,0.0
2024-06-10 00:00:00+05:30,138.20469911988687,141.30255372954656,137.40524735832904,139.20401000976562,2019990,0.0,0.0
2024-06-11 00:00:00+05:30,140.2732602878579,140.2732602878579,137.1254371837976,139.88352966308594,1385967,0.0,0.0
2024-06-12 00:00:00+05:30,141.27256657733005,141.4024818641438,136.95555173856562,138.39456176757812,1894152,0.0,0.0
2024-06-13 00:00:00+05:30,139.9035192083894,144.40041804008763,139.43384188832792,140.72296142578125,3789274,0.0,0.0
2024-06-14 00:00:00+05:30,142.23191448206444,144.6702353850183,141.10268834710465,144.04066467285156,2606335,0.0,0.0
2024-06-18 00:00:00+05:30,146.8987003500679,149.27706513994525,145.41972450721659,148.2977294921875,3646165,0.0,0.0
2024-06-19 00:00:00+05:30,149.39698009300633,149.53688300958387,143.950738717866,144.34046936035156,1390898,0.0,0.0
2024-06-20 00:00:00+05:30,144.3404639964332,147.69814911779133,143.001391094914,146.16920471191406,2039682,0.0,0.0
2024-06-21 00:00:00+05:30,145.54961560439273,146.04927101703848,143.40110342932533,144.3904266357422,1113350,0.0,0.0
2024-06-24 00:00:00+05:30,144.4004202021089,149.26705924227565,142.10200215961783,145.8594207763672,2792763,0.0,0.0
2024-06-25 00:00:00+05:30,147.5982058854489,148.1478298891611,144.45038288424644,145.00999450683594,1172183,0.0,0.0
2024-06-26 00:00:00+05:30,146.10000610351562,151.0,145.6999969482422,150.47000122070312,5761627,0.1,0.0
2024-06-27 00:00:00+05:30,152.0,154.8000030517578,148.5500030517578,151.74000549316406,6067570,0.0,0.0
2024-06-28 00:00:00+05:30,153.89999389648438,156.0,152.4499969482422,153.66000366210938,3887869,0.0,0.0
2024-07-01 00:00:00+05:30,154.0,156.5,153.10000610351562,154.8800048828125,2058778,0.0,0.0
2024-07-02 00:00:00+05:30,155.1999969482422,156.05999755859375,150.5,151.0800018310547,1484047,0.0,0.0
2024-07-03 00:00:00+05:30,151.30999755859375,154.07000732421875,149.8000030517578,153.36000061035156,1366659,0.0,0.0
2024-07-04 00:00:00+05:30,154.9499969482422,154.9499969482422,150.50999450683594,150.97000122070312,1240632,0.0,0.0
2024-07-05 00:00:00+05:30,150.97000122070312,151.75,149.32000732421875,151.4499969482422,969494,0.0,0.0
2024-07-08 00:00:00+05:30,152.4499969482422,153.99000549316406,150.5,152.63999938964844,1552132,0.0,0.0
2024-07-09 00:00:00+05:30,153.0,164.5,152.66000366210938,160.6199951171875,17373008,0.0,0.0
2024-07-10 00:00:00+05:30,162.5,166.27999877929688,157.3000030517578,165.52000427246094,9965160,0.0,0.0
2024-07-11 00:00:00+05:30,167.4199981689453,175.0,163.60000610351562,174.25999450683594,18311942,0.0,0.0
2024-07-12 00:00:00+05:30,176.0,178.7899932861328,169.39999389648438,170.27000427246094,7552419,0.0,0.0
2024-07-15 00:00:00+05:30,174.0,176.8000030517578,167.83999633789062,169.42999267578125,5935153,0.0,0.0
2024-07-16 00:00:00+05:30,170.14999389648438,175.0,169.80999755859375,174.27000427246094,3942040,0.0,0.0
2024-07-18 00:00:00+05:30,174.0,177.25,167.02999877929688,175.8699951171875,10349033,0.0,0.0
2024-07-19 00:00:00+05:30,176.5,177.35000610351562,169.6999969482422,172.0,4902917,0.0,0.0
2024-07-22 00:00:00+05:30,175.0,182.0,170.44000244140625,177.6300048828125,14328909,0.0,0.0
2024-07-23 00:00:00+05:30,179.0,179.41000366210938,165.10000610351562,173.6300048828125,5358508,0.0,0.0
2024-07-24 00:00:00+05:30,174.0,181.6999969482422,173.24000549316406,177.05999755859375,12034007,0.0,0.0
2024-07-25 00:00:00+05:30,176.14999389648438,184.5,175.5,179.17999267578125,8215036,0.0,0.0
2024-07-26 00:00:00+05:30,180.25,186.0,179.60000610351562,182.72999572753906,6872529,0.0,0.0
2024-07-29 00:00:00+05:30,185.9499969482422,190.0,184.1300048828125,189.4199981689453,6897346,0.0,0.0
2024-07-30 00:00:00+05:30,191.0,191.0,184.50999450683594,185.55999755859375,3153054,0.0,0.0
2024-07-31 00:00:00+05:30,186.97999572753906,187.60000610351562,183.0,183.52999877929688,2667359,0.0,0.0
2024-08-01 00:00:00+05:30,184.08999633789062,190.60000610351562,182.25,186.8000030517578,6082308,0.0,0.0
2024-08-02 00:00:00+05:30,184.89999389648438,187.0,182.5,185.07000732421875,3012308,0.0,0.0
2024-08-05 00:00:00+05:30,175.97999572753906,182.3000030517578,172.0500030517578,174.3000030517578,5874650,0.0,0.0
2024-08-06 00:00:00+05:30,176.0,193.6999969482422,176.0,180.08999633789062,26681117,0.0,0.0
2024-08-07 00:00:00+05:30,187.0,187.27000427246094,181.27999877929688,184.22000122070312,3593732,0.0,0.0
2024-08-08 00:00:00+05:30,185.9499969482422,186.58999633789062,177.33999633789062,179.11000061035156,2454945,0.0,0.0
2024-08-09 00:00:00+05:30,180.6699981689453,181.89999389648438,175.10000610351562,177.30999755859375,2880014,0.0,0.0
2024-08-12 00:00:00+05:30,177.32000732421875,180.5399932861328,173.85000610351562,178.27000427246094,2121021,0.0,0.0
2024-08-13 00:00:00+05:30,178.35000610351562,179.92999267578125,175.00999450683594,176.02999877929688,1140272,0.0,0.0
2024-08-14 00:00:00+05:30,176.14999389648438,176.4199981689453,172.10000610351562,174.3300018310547,1656472,0.0,0.0
2024-08-16 00:00:00+05:30,176.4499969482422,178.85000610351562,173.55999755859375,175.55999755859375,1392781,0.0,0.0
2024-08-19 00:00:00+05:30,175.55999755859375,184.6999969482422,175.55999755859375,182.64999389648438,3384179,0.0,0.0
2024-08-20 00:00:00+05:30,184.0,186.8000030517578,181.64999389648438,185.74000549316406,3801523,0.0,0.0
2024-08-21 00:00:00+05:30,185.97999572753906,194.89999389648438,185.8000030517578,193.8800048828125,7758594,0.0,0.0
2024-08-22 00:00:00+05:30,194.74000549316406,196.60000610351562,190.39999389648438,195.3300018310547,4520619,0.0,0.0
2024-08-23 00:00:00+05:30,192.41000366210938,198.3000030517578,192.0500030517578,197.14999389648438,3871586,0.0,0.0
2024-08-26 00:00:00+05:30,195.0,202.22000122070312,195.0,199.99000549316406,9330701,0.0,0.0
2024-08-27 00:00:00+05:30,200.89999389648438,206.39999389648438,199.25,202.6699981689453,12199603,0.0,0.0
2024-08-28 00:00:00+05:30,203.5,209.89999389648438,202.5,207.25999450683594,14897596,0.0,0.0
2024-08-29 00:00:00+05:30,212.10000610351562,212.9499969482422,194.10000610351562,196.5,39290110,0.0,0.0
2024-08-30 00:00:00+05:30,198.0,199.0,191.0500030517578,192.99000549316406,10756978,0.0,0.0
2024-09-02 00:00:00+05:30,193.97000122070312,194.17999267578125,186.61000061035156,188.83999633789062,6767152,0.0,0.0
2024-09-03 00:00:00+05:30,188.85000610351562,190.6999969482422,185.39999389648438,187.3300018310547,4121639,0.0,0.0
2024-09-04 00:00:00+05:30,184.10000610351562,192.89999389648438,183.5,188.2899932861328,4946323,0.0,0.0
2024-09-05 00:00:00+05:30,189.24000549316406,191.6999969482422,187.67999267578125,189.50999450683594,2651726,0.0,0.0
2024-09-06 00:00:00+05:30,189.5,190.3800048828125,182.55999755859375,184.13999938964844,5152793,0.0,0.0
2024-09-09 00:00:00+05:30,184.38999938964844,185.5800018310547,180.5500030517578,183.75,1842529,0.0,0.0
2024-09-10 00:00:00+05:30,185.0,187.13999938964844,183.94000244140625,186.7100067138672,2648378,0.0,0.0
2024-09-11 00:00:00+05:30,187.0,188.4199981689453,176.5800018310547,178.55999755859375,3347598,0.0,0.0
2024-09-12 00:00:00+05:30,180.39999389648438,182.6999969482422,178.75,180.7899932861328,2532773,0.0,0.0
2024-09-13 00:00:00+05:30,179.6999969482422,185.75,176.7100067138672,183.8300018310547,5793034,0.0,0.0
2024-09-16 00:00:00+05:30,185.6699981689453,186.8800048828125,177.6199951171875,178.72000122070312,2219977,0.0,0.0
2024-09-17 00:00:00+05:30,179.0,179.32000732421875,174.5,177.97000122070312,6620022,0.0,0.0
2024-09-18 00:00:00+05:30,179.5,183.6999969482422,176.30999755859375,178.66000366210938,7644293,0.0,0.0
2024-09-19 00:00:00+05:30,180.4499969482422,181.30999755859375,172.61000061035156,177.2899932861328,2729254,0.0,0.0
2024-09-20 00:00:00+05:30,178.0,179.02000427246094,170.10000610351562,171.72000122070312,6381071,0.0,0.0
2024-09-23 00:00:00+05:30,173.4499969482422,175.3000030517578,171.00999450683594,173.6300048828125,3751779,0.0,0.0
2024-09-24 00:00:00+05:30,173.85000610351562,173.85000610351562,170.88999938964844,171.3000030517578,2943226,0.0,0.0
2024-09-25 00:00:00+05:30,170.89999389648438,170.89999389648438,167.39999389648438,168.55999755859375,1801293,0.0,0.0
2024-09-26 00:00:00+05:30,169.0,171.24000549316406,165.10000610351562,165.6300048828125,4132115,0.0,0.0
2024-09-27 00:00:00+05:30,166.0,167.27000427246094,164.5500030517578,165.50999450683594,3435187,0.0,0.0
2024-09-30 00:00:00+05:30,163.8000030517578,165.75999450683594,162.0,163.6699981689453,3052714,0.0,0.0
2024-10-01 00:00:00+05:30,164.75,175.8000030517578,164.1199951171875,175.00999450683594,22268739,0.0,0.0
2024-10-03 00:00:00+05:30,172.99000549316406,176.3000030517578,168.02000427246094,169.25,4470444,0.0,0.0
2024-10-04 00:00:00+05:30,169.0,169.88999938964844,164.44000244140625,165.35000610351562,3763066,0.0,0.0
2024-10-07 00:00:00+05:30,166.6999969482422,167.8000030517578,156.72000122070312,157.52000427246094,4622700,0.0,0.0
2024-10-08 00:00:00+05:30,157.5399932861328,164.3000030517578,155.5,163.57000732421875,2908043,0.0,0.0
2024-10-09 00:00:00+05:30,164.75,172.3000030517578,163.5800018310547,171.5,5220546,0.0,0.0
2024-10-10 00:00:00+05:30,171.5,172.6300048828125,167.30999755859375,168.42999267578125,1731117,0.0,0.0
2024-10-11 00:00:00+05:30,167.85000610351562,169.39999389648438,165.0,165.44000244140625,1254986,0.0,0.0
2024-10-14 00:00:00+05:30,166.0,167.1999969482422,162.2100067138672,163.75,1503560,0.0,0.0
2024-10-15 00:00:00+05:30,164.0,165.0,160.50999450683594,162.3800048828125,1995321,0.0,0.0
2024-10-16 00:00:00+05:30,162.0,167.75999450683594,161.0,166.72000122070312,2441086,0.0,0.0
2024-10-17 00:00:00+05:30,166.50999450683594,166.89999389648438,160.89999389648438,161.66000366210938,2005063,0.0,0.0
2024-10-18 00:00:00+05:30,161.5,168.6999969482422,157.5500030517578,167.6199951171875,4909028,0.0,0.0
2024-10-21 00:00:00+05:30,166.5399932861328,166.75,159.14999389648438,160.14999389648438,1998407,0.0,0.0
2024-10-22 00:00:00+05:30,160.14999389648438,160.97999572753906,149.39999389648438,154.02000427246094,3889483,0.0,0.0
2024-10-23 00:00:00+05:30,153.0,159.5,149.5,159.16000366210938,2628018,0.0,0.0
2024-10-24 00:00:00+05:30,158.10000610351562,158.67999267578125,153.0,153.64999389648438,1184956,0.0,0.0
2024-10-25 00:00:00+05:30,153.5500030517578,156.3000030517578,145.24000549316406,147.49000549316406,5811278,0.0,0.0
2024-10-28 00:00:00+05:30,147.5,153.6999969482422,145.85000610351562,150.49000549316406,2882210,0.0,0.0
2024-10-29 00:00:00+05:30,151.00999450683594,152.99000549316406,147.22999572753906,149.0399932861328,1517447,0.0,0.0
2024-10-30 00:00:00+05:30,149.07000732421875,154.6999969482422,148.85000610351562,151.91000366210938,2443936,0.0,0.0
2024-10-31 00:00:00+05:30,151.91000366210938,154.11000061035156,148.6999969482422,152.2100067138672,2243620,0.0,0.0
2024-11-01 00:00:00+05:30,154.0,155.6999969482422,153.0,155.27999877929688,551406,0.0,0.0
2024-11-04 00:00:00+05:30,156.49000549316406,157.3800048828125,147.2899932861328,155.02000427246094,3635690,0.0,0.0
2024-11-05 00:00:00+05:30,153.89999389648438,157.6999969482422,153.0,154.6300048828125,1402023,0.0,0.0
2024-11-06 00:00:00+05:30,155.0,160.8699951171875,155.0,160.27999877929688,2531415,0.0,0.0
2024-11-07 00:00:00+05:30,160.8699951171875,165.0,157.5,162.67999267578125,2404541,0.0,0.0
2024-11-08 00:00:00+05:30,162.99000549316406,163.1999969482422,157.25,157.99000549316406,1712536,0.0,0.0
2024-11-11 00:00:00+05:30,157.02000427246094,158.3000030517578,153.41000366210938,156.97000122070312,1776202,0.0,0.0
2024-11-12 00:00:00+05:30,157.0,158.38999938964844,153.5,154.6300048828125,1880047,0.0,0.0
2024-11-13 00:00:00+05:30,154.3000030517578,154.3000030517578,147.8000030517578,148.72999572753906,1459611,0.0,0.0
2024-11-14 00:00:00+05:30,150.0,152.88999938964844,148.10000610351562,149.61000061035156,1475606,0.0,0.0
2024-11-18 00:00:00+05:30,150.0,152.39999389648438,144.7899932861328,147.4499969482422,1403453,0.0,0.0
2024-11-19 00:00:00+05:30,148.3000030517578,151.88999938964844,147.8000030517578,148.66000366210938,648001,0.0,0.0
2024-11-21 00:00:00+05:30,148.11000061035156,148.8699951171875,145.47999572753906,147.44000244140625,1082140,0.0,0.0
2024-11-22 00:00:00+05:30,149.0800018310547,151.6999969482422,147.89999389648438,148.89999389648438,1196780,0.0,0.0
2024-11-25 00:00:00+05:30,151.89999389648438,152.6999969482422,150.00999450683594,150.67999267578125,1040135,0.0,0.0
2024-11-26 00:00:00+05:30,150.0,151.2899932861328,147.10000610351562,148.1300048828125,1925704,0.0,0.0
2024-11-27 00:00:00+05:30,149.4600067138672,153.52999877929688,148.5500030517578,152.83999633789062,1225204,0.0,0.0
2024-11-28 00:00:00+05:30,153.4499969482422,154.5,150.72000122070312,151.1999969482422,996311,0.0,0.0
2024-11-29 00:00:00+05:30,152.5399932861328,153.3000030517578,149.9600067138672,152.5,1281208,0.0,0.0
2024-12-02 00:00:00+05:30,152.5,157.6999969482422,151.49000549316406,156.6999969482422,1785873,0.0,0.0
2024-12-03 00:00:00+05:30,157.10000610351562,161.60000610351562,156.3000030517578,160.0800018310547,3751499,0.0,0.0
2024-12-04 00:00:00+05:30,160.89999389648438,163.9499969482422,159.13999938964844,163.3699951171875,2824602,0.0,0.0
2024-12-05 00:00:00+05:30,165.0,169.8000030517578,163.61000061035156,165.3699951171875,4351715,0.0,0.0
2024-12-06 00:00:00+05:30,166.35000610351562,168.99000549316406,163.00999450683594,164.16000366210938,3084674,0.0,0.0
2024-12-09 00:00:00+05:30,165.4499969482422,175.0,165.16000366210938,173.75,14603217,0.0,0.0
2024-12-10 00:00:00+05:30,174.99000549316406,177.19000244140625,170.50999450683594,172.6999969482422,5691174,0.0,0.0
2024-12-11 00:00:00+05:30,173.14999389648438,174.6999969482422,171.57000732421875,172.5,2222569,0.0,0.0
2024-12-12 00:00:00+05:30,172.44000244140625,173.5,168.64999389648438,169.3699951171875,1687681,0.0,0.0
2024-12-13 00:00:00+05:30,168.85000610351562,176.89999389648438,166.11000061035156,175.6199951171875,5139078,0.0,0.0
2024-12-16 00:00:00+05:30,176.25,180.6999969482422,174.4499969482422,178.44000244140625,9278196,0.0,0.0
2024-12-17 00:00:00+05:30,178.5,178.5,171.5,172.0800018310547,3475391,0.0,0.0
2024-12-18 00:00:00+05:30,173.0,175.9600067138672,170.60000610351562,171.9199981689453,2446921,0.0,0.0
2024-12-19 00:00:00+05:30,168.4199981689453,171.39999389648438,166.25,170.75999450683594,1864968,0.0,0.0
2024-12-20 00:00:00+05:30,171.39999389648438,171.47999572753906,162.0,163.33999633789062,3251677,0.0,0.0
2024-12-23 00:00:00+05:30,164.89999389648438,165.6699981689453,160.30999755859375,160.9600067138672,1430037,0.0,0.0
2024-12-24 00:00:00+05:30,161.1199951171875,163.05999755859375,158.50999450683594,159.1199951171875,1207022,0.0,0.0
2024-12-26 00:00:00+05:30,159.8800048828125,161.36000061035156,156.22000122070312,157.1300048828125,993219,0.0,0.0
2024-12-27 00:00:00+05:30,157.00999450683594,159.4600067138672,154.72000122070312,156.14999389648438,1520370,0.0,0.0
2024-12-30 00:00:00+05:30,156.14999389648438,156.97999572753906,154.0,155.3000030517578,1146215,0.0,0.0
2024-12-31 00:00:00+05:30,154.5,157.55999755859375,153.5,156.7899932861328,1253352,0.0,0.0
2025-01-01 00:00:00+05:30,157.50999450683594,162.5,157.50999450683594,161.3800048828125,1785947,0.0,0.0
2025-01-02 00:00:00+05:30,161.8000030517578,164.3699951171875,161.00999450683594,163.49000549316406,1254327,0.0,0.0
2025-01-03 00:00:00+05:30,164.6999969482422,166.75999450683594,162.5500030517578,163.49000549316406,1411287,0.0,0.0
2025-01-06 00:00:00+05:30,164.5,164.7899932861328,155.0,156.16000366210938,1318148,0.0,0.0
2025-01-07 00:00:00+05:30,156.35000610351562,160.77999877929688,156.3000030517578,159.77999877929688,872277,0.0,0.0
2025-01-08 00:00:00+05:30,160.8000030517578,160.8300018310547,154.19000244140625,154.7899932861328,983422,0.0,0.0
2025-01-09 00:00:00+05:30,154.07000732421875,155.6699981689453,150.0,150.3699951171875,1137492,0.0,0.0
2025-01-10 00:00:00+05:30,150.0,150.8000030517578,145.8000030517578,148.0500030517578,1295915,0.0,0.0
2025-01-13 00:00:00+05:30,145.8000030517578,147.60000610351562,143.10000610351562,143.8800048828125,2550850,0.0,0.0
2025-01-14 00:00:00+05:30,143.99000549316406,147.66000366210938,142.6300048828125,146.9600067138672,1459102,0.0,0.0
2025-01-15 00:00:00+05:30,149.8800048828125,159.44000244140625,149.8800048828125,150.99000549316406,20622815,0.0,0.0
2025-01-16 00:00:00+05:30,151.5500030517578,153.39999389648438,150.5,151.80999755859375,1382376,0.0,0.0
2025-01-17 00:00:00+05:30,151.80999755859375,155.67999267578125,150.49000549316406,153.75999450683594,1608642,0.0,0.0
2025-01-20 00:00:00+05:30,156.07000732421875,156.13999938964844,152.5,153.36000061035156,925614,0.0,0.0
2025-01-21 00:00:00+05:30,153.5,154.6999969482422,150.25,151.44000244140625,804652,0.0,0.0
2025-01-22 00:00:00+05:30,151.08999633789062,151.1199951171875,145.0,149.25,1160047,0.0,0.0
2025-01-23 00:00:00+05:30,148.1999969482422,152.25,146.74000549316406,148.41000366210938,860455,0.0,0.0
2025-01-24 00:00:00+05:30,149.39999389648438,154.6999969482422,145.85000610351562,152.5,1880495,0.0,0.0
2025-01-27 00:00:00+05:30,151.41000366210938,151.41000366210938,143.3000030517578,144.10000610351562,1413475,0.0,0.0
2025-01-28 00:00:00+05:30,144.83999633789062,149.42999267578125,134.61000061035156,147.58999633789062,3597151,0.0,0.0
2025-01-29 00:00:00+05:30,146.7899932861328,149.8000030517578,145.6699981689453,149.36000061035156,1012848,0.0,0.0
2025-01-30 00:00:00+05:30,149.5,150.6999969482422,135.75999450683594,140.14999389648438,4542106,0.0,0.0
2025-01-31 00:00:00+05:30,140.99000549316406,142.6199951171875,136.50999450683594,137.7100067138672,2988318,0.0,0.0
2025-02-01 00:00:00+05:30,139.08999633789062,144.88999938964844,136.97999572753906,138.0500030517578,2412346,0.0,0.0
2025-02-03 00:00:00+05:30,138.3800048828125,140.4600067138672,131.05999755859375,131.99000549316406,2185208,0.0,0.0
2025-02-04 00:00:00+05:30,133.0,134.5,129.11000061035156,131.08999633789062,2427699,0.0,0.0
2025-02-05 00:00:00+05:30,132.10000610351562,133.97999572753906,130.3300018310547,131.83999633789062,1551229,0.0,0.0
2025-02-06 00:00:00+05:30,133.1999969482422,133.5,129.52000427246094,130.08999633789062,1211910,0.0,0.0
2025-02-07 00:00:00+05:30,130.89999389648438,131.35000610351562,126.97000122070312,128.57000732421875,1397620,0.0,0.0
2025-02-10 00:00:00+05:30,129.64999389648438,130.22999572753906,125.0999984741211,126.66999816894531,1307933,0.0,0.0
2025-02-11 00:00:00+05:30,126.66999816894531,126.66999816894531,121.19999694824219,123.58000183105469,1514080,0.0,0.0
2025-02-12 00:00:00+05:30,123.98999786376953,127.0,120.0,125.19000244140625,1731175,0.0,0.0
2025-02-13 00:00:00+05:30,125.3499984741211,127.0,121.5,121.98999786376953,1113093,0.0,0.0
2025-02-14 00:00:00+05:30,123.01000213623047,123.63999938964844,115.31999969482422,118.19999694824219,1742832,0.0,0.0
2025-02-17 00:00:00+05:30,118.01000213623047,123.87000274658203,116.27999877929688,120.5199966430664,3448709,0.0,0.0
2025-02-18 00:00:00+05:30,120.5999984741211,120.80000305175781,114.5,116.87999725341797,1774400,0.0,0.0
2025-02-19 00:00:00+05:30,117.0,123.37000274658203,116.0,122.30999755859375,2142512,0.0,0.0
2025-02-20 00:00:00+05:30,122.0,124.4000015258789,120.55999755859375,123.37000274658203,1000377,0.0,0.0
2025-02-21 00:00:00+05:30,122.3499984741211,126.69999694824219,118.5999984741211,119.0199966430664,2020542,0.0,0.0
2025-02-24 00:00:00+05:30,118.75,118.7699966430664,113.87999725341797,114.33000183105469,1407391,0.0,0.0
2025-02-25 00:00:00+05:30,114.88999938964844,117.0,114.0,115.54000091552734,1766014,0.0,0.0
2025-02-27 00:00:00+05:30,116.0,116.55999755859375,111.5999984741211,112.01000213623047,1553742,0.0,0.0
2025-02-28 00:00:00+05:30,112.01000213623047,112.01000213623047,104.80000305175781,106.91999816894531,2932972,0.0,0.0
2025-03-03 00:00:00+05:30,107.0,125.0,106.63999938964844,116.87000274658203,15838656,0.0,0.0
2025-03-04 00:00:00+05:30,113.94000244140625,116.18000030517578,110.37000274658203,113.08999633789062,10465094,0.0,0.0
2025-03-05 00:00:00+05:30,112.5999984741211,119.62999725341797,111.86000061035156,118.5,4154742,0.0,0.0
2025-03-06 00:00:00+05:30,119.0,121.94999694824219,118.37000274658203,121.11000061035156,2285131,0.0,0.0
2025-03-07 00:00:00+05:30,121.0,124.5,121.0,122.66000366210938,1992698,0.0,0.0
2025-03-10 00:00:00+05:30,122.5999984741211,124.80000305175781,119.0,120.33000183105469,2194128,0.0,0.0
2025-03-11 00:00:00+05:30,119.0,122.80000305175781,116.41999816894531,122.06999969482422,6167529,0.0,0.0
2025-03-12 00:00:00+05:30,122.48999786376953,123.56999969482422,120.33000183105469,121.11000061035156,2621479,0.0,0.0
2025-03-13 00:00:00+05:30,122.0,122.51000213623047,119.05000305175781,120.02999877929688,1476427,0.0,0.0
2025-03-17 00:00:00+05:30,121.0,121.48999786376953,116.05000305175781,116.6500015258789,1735500,0.0,0.0
2025-03-18 00:00:00+05:30,116.6500015258789,116.6500015258789,116.6500015258789,116.6500015258789,0,0.0,0.0
2025-03-19 00:00:00+05:30,127.3499984741211,131.5,126.93000030517578,130.85000610351562,4812872,0.0,0.0
2025-03-20 00:00:00+05:30,131.89999389648438,131.89999389648438,129.89999389648438,130.6300048828125,2230425,0.0,0.0
2025-03-21 00:00:00+05:30,130.89999389648438,139.5,130.07000732421875,137.4499969482422,5916927,0.0,0.0
2025-03-24 00:00:00+05:30,138.0,140.6699981689453,137.52000427246094,140.02000427246094,2233124,0.0,0.0
2025-03-25 00:00:00+05:30,141.39999389648438,141.49000549316406,136.1699981689453,139.4499969482422,3042391,0.0,0.0
2025-03-26 00:00:00+05:30,140.0,140.8000030517578,134.30999755859375,135.36000061035156,2033975,0.0,0.0
2025-03-27 00:00:00+05:30,134.0,138.25999450683594,133.5,135.6300048828125,3915603,0.0,0.0
2025-03-28 00:00:00+05:30,137.3699951171875,138.1999969482422,132.49000549316406,135.1199951171875,2353742,0.0,0.0
2025-04-01 00:00:00+05:30,134.64999389648438,135.67999267578125,131.36000061035156,131.75,1245110,0.0,0.0
2025-04-02 00:00:00+05:30,133.1699981689453,133.67999267578125,128.64999389648438,131.2100067138672,1307860,0.0,0.0
2025-04-03 00:00:00+05:30,130.0,141.08999633789062,127.45999908447266,134.0399932861328,11545281,0.0,0.0
2025-04-04 00:00:00+05:30,134.02000427246094,134.77999877929688,122.4800033569336,124.25,3425412,0.0,0.0
